[0.00000,0.00000,0.0]
Links
"1",[111.20162,-290.35343,0.00000],[111.15883,-273.35795,0.00000],[107.65885,-273.36676,0.00000],[107.70163,-290.36224,0.00000]
g
"2",[107.65885,-273.36676,0.00000],[107.70163,-290.36224,0.00000],[111.20162,-290.35343,0.00000],[111.15883,-273.35795,0.00000]
g
"3",[298.57256,-207.53411,0.00000],[233.91644,-189.11761,0.00000],[232.95764,-192.48372,0.00000],[297.61376,-210.90022,0.00000]
g
"4",[231.99885,-195.84983,0.00000],[296.65497,-214.26633,0.00000],[297.61376,-210.90022,0.00000],[232.95764,-192.48372,0.00000]
g
"5",[231.52330,-184.50961,0.00000],[232.61209,-142.92397,0.00000],[229.11329,-142.83237,0.00000],[228.02450,-184.41800,0.00000]
g
"6",[228.78403,-30.42606,0.00000],[224.76444,-125.28091,0.00000],[228.26130,-125.42910,0.00000],[232.28089,-30.57424,0.00000]
g
"7",[153.57387,-292.88023,0.00000],[153.61368,-276.69941,0.00000],[150.11369,-276.69080,0.00000],[150.07388,-292.87162,0.00000]
g
"8",[150.11369,-276.69080,0.00000],[150.07388,-292.87162,0.00000],[153.57387,-292.88023,0.00000],[153.61368,-276.69941,0.00000]
g
"9",[69.78934,-289.22585,0.00000],[67.83018,-272.56669,0.00000],[64.35414,-272.97548,0.00000],[66.31330,-289.63464,0.00000]
g
"10",[122.93536,-141.18463,0.00000],[215.47073,-144.22067,0.00000],[215.58550,-140.72255,0.00000],[123.05014,-137.68651,0.00000]
g
"11",[215.69610,-137.22430,0.00000],[126.98390,-134.52560,0.00000],[126.87747,-138.02398,0.00000],[215.58968,-140.72269,0.00000]
g
"12",[97.35432,-153.00618,0.00000],[121.57070,-153.18161,0.00000],[121.62141,-146.18179,0.00000],[97.40503,-146.00636,0.00000]
g
"13",[80.82002,-135.94034,0.00000],[80.98847,-118.37157,0.00000],[73.98879,-118.30446,0.00000],[73.82034,-135.87322,0.00000]
g
"14",[12.47058,-126.01233,0.00000],[110.19621,-129.80531,0.00000],[110.33195,-126.30795,0.00000],[12.60633,-122.51496,0.00000]
g
"15",[212.77668,-161.51277,0.00000],[120.24131,-158.47673,0.00000],[120.12654,-161.97485,0.00000],[212.66191,-165.01089,0.00000]
g
"16",[223.58193,-161.07978,0.00000],[224.02402,-146.91159,0.00000],[220.52573,-146.80243,0.00000],[220.08364,-160.97062,0.00000]
g
"17",[217.02743,-146.69327,0.00000],[216.58534,-160.86147,0.00000],[220.08364,-160.97062,0.00000],[220.52573,-146.80243,0.00000]
g
"18",[225.61449,-142.74076,0.00000],[224.52570,-184.32640,0.00000],[228.02450,-184.41800,0.00000],[229.11329,-142.83237,0.00000]
g
"19",[231.75817,-125.57728,0.00000],[235.77775,-30.72242,0.00000],[232.28089,-30.57424,0.00000],[228.26130,-125.42910,0.00000]
g
"20",[5.96931,-108.50557,0.00000],[10.22653,-19.98757,0.00000],[6.73057,-19.81943,0.00000],[2.47335,-108.33743,0.00000]
g
"21",[3.23461,-19.65130,0.00000],[-1.02261,-108.16929,0.00000],[2.47335,-108.33743,0.00000],[6.73057,-19.81943,0.00000]
g
"22",[2.92297,-158.91106,0.00000],[4.83239,-131.37107,0.00000],[1.34077,-131.12899,0.00000],[-0.56865,-158.66898,0.00000]
g
"23",[-2.15085,-130.88691,0.00000],[-4.06026,-158.42690,0.00000],[-0.56865,-158.66898,0.00000],[1.34077,-131.12899,0.00000]
g
"24",[-146.30359,-185.21505,0.00000],[-9.17036,-171.55120,0.00000],[-9.51738,-168.06844,0.00000],[-146.65061,-181.73230,0.00000]
g
"25",[-210.15171,-271.75539,0.00000],[32.17531,-282.31571,0.00000],[32.32769,-278.81903,0.00000],[-209.99933,-268.25871,0.00000]
g
"26",[32.48007,-275.32234,0.00000],[-209.84695,-264.76203,0.00000],[-209.99933,-268.25871,0.00000],[32.32769,-278.81903,0.00000]
g
"27",[-9.86440,-164.58569,0.00000],[-146.99763,-178.24954,0.00000],[-146.65061,-181.73230,0.00000],[-9.51738,-168.06844,0.00000]
g
"28",[117.43490,-157.50717,0.00000],[117.76454,-135.01796,0.00000],[114.26492,-134.96667,0.00000],[113.93528,-157.45587,0.00000]
g
"29",[56.17978,-284.63315,0.00000],[95.41817,-286.20074,0.00000],[110.92484,-286.82024,0.00000],[168.68494,-289.13888,0.00000],[168.82533,-285.64169,0.00000],[111.06523,-283.32306,0.00000],[95.55788,-282.70353,0.00000],[56.31950,-281.13594,0.00000]
g
"30",[168.96523,-282.14449,0.00000],[111.28011,-279.83426,0.00000],[95.46983,-279.20107,0.00000],[56.45973,-277.63876,0.00000],[56.31967,-281.13595,0.00000],[95.32977,-282.69827,0.00000],[111.14006,-283.33145,0.00000],[168.82517,-285.64169,0.00000]
g
"31",[186.09644,-288.57572,0.00000],[382.33354,-296.27302,0.00000],[382.47072,-292.77571,0.00000],[186.23362,-285.07841,0.00000]
g
"32",[382.47072,-292.77571,0.00000],[186.23362,-285.07841,0.00000],[186.09644,-288.57572,0.00000],[382.33354,-296.27302,0.00000]
g
"33",[186.09644,-288.57572,0.00000],[382.33354,-296.27302,0.00000],[382.47072,-292.77571,0.00000],[186.23362,-285.07841,0.00000]
g
"34",[382.60790,-289.27840,0.00000],[186.37080,-281.58110,0.00000],[186.23362,-285.07841,0.00000],[382.47072,-292.77571,0.00000]
g
"35",[178.15092,-334.21407,0.00000],[179.89040,-294.60114,0.00000],[176.39377,-294.44760,0.00000],[174.65429,-334.06053,0.00000]
g
"36",[172.89714,-294.29405,0.00000],[171.15766,-333.90698,0.00000],[174.65429,-334.06053,0.00000],[176.39377,-294.44760,0.00000]
g
"37",[47.48604,-327.40630,0.00000],[48.09909,-288.54432,0.00000],[44.59952,-288.48912,0.00000],[43.98647,-327.35109,0.00000]
g
"38",[41.09996,-288.43391,0.00000],[40.48691,-327.29589,0.00000],[43.98647,-327.35109,0.00000],[44.59952,-288.48912,0.00000]
g
"39",[127.83932,-169.23167,0.00000],[143.23104,-169.73666,0.00000],[143.34581,-166.23854,0.00000],[127.95410,-165.73355,0.00000]
g
"40",[189.40818,-171.25171,0.00000],[204.79989,-171.75671,0.00000],[204.91467,-168.25859,0.00000],[189.52295,-167.75360,0.00000]
g
"41",[148.19745,-169.89961,0.00000],[163.58917,-170.40460,0.00000],[163.70394,-166.90649,0.00000],[148.31222,-166.40149,0.00000]
g
"42",[168.54177,-170.56710,0.00000],[183.93349,-171.07209,0.00000],[184.04826,-167.57397,0.00000],[168.65654,-167.06898,0.00000]
g
"43",[110.46769,-122.81058,0.00000],[12.74207,-119.01760,0.00000],[12.60633,-122.51496,0.00000],[110.33195,-126.30795,0.00000]
g
"44",[131.51454,-130.74575,0.00000],[218.47781,-133.90135,0.00000],[218.60473,-130.40366,0.00000],[131.64146,-127.24805,0.00000]
g
"45",[121.62141,-146.18179,0.00000],[97.40503,-146.00636,0.00000],[97.35432,-153.00618,0.00000],[121.57070,-153.18161,0.00000]
g
"46",[73.98879,-118.30446,0.00000],[73.82034,-135.87322,0.00000],[80.82002,-135.94034,0.00000],[80.98847,-118.37157,0.00000]
g
"47",[6.38033,-203.66783,0.00000],[162.04967,-211.97712,0.00000],[162.31618,-206.98423,0.00000],[6.64684,-198.67494,0.00000]
g
"48",[160.56727,-120.07151,0.00000],[160.28200,-141.28223,0.00000],[167.28137,-141.37636,0.00000],[167.56664,-120.16565,0.00000]
g
"49",[64.35414,-272.97548,0.00000],[66.31330,-289.63464,0.00000],[69.78934,-289.22585,0.00000],[67.83018,-272.56669,0.00000]
g
"50",[219.05925,-126.90561,0.00000],[127.40446,-123.75001,0.00000],[127.28403,-127.24794,0.00000],[218.93882,-130.40354,0.00000]
g
"51",[143.29757,-155.73131,0.00000],[127.90586,-155.22632,0.00000],[127.79108,-158.72443,0.00000],[143.18280,-159.22943,0.00000]
g
"52",[164.01784,-156.41113,0.00000],[148.62613,-155.90614,0.00000],[148.51135,-159.40426,0.00000],[163.90307,-159.90925,0.00000]
g
"53",[184.10999,-157.07035,0.00000],[168.71827,-156.56535,0.00000],[168.60350,-160.06347,0.00000],[183.99522,-160.56847,0.00000]
g
"54",[167.28137,-141.37636,0.00000],[167.56664,-120.16565,0.00000],[160.56727,-120.07151,0.00000],[160.28200,-141.28223,0.00000]
g
"55",[205.41111,-157.76923,0.00000],[190.01939,-157.26423,0.00000],[189.90462,-160.76235,0.00000],[205.29634,-161.26735,0.00000]
g
"56",[128.68524,-144.87516,0.00000],[144.07696,-145.38016,0.00000],[144.19173,-141.88204,0.00000],[128.80001,-141.37705,0.00000]
g
"57",[192.28802,-146.96194,0.00000],[207.67974,-147.46694,0.00000],[207.79451,-143.96882,0.00000],[192.40279,-143.46382,0.00000]
g
"58",[149.43443,-145.55593,0.00000],[164.82615,-146.06093,0.00000],[164.94092,-142.56281,0.00000],[149.54921,-142.05782,0.00000]
g
"59",[170.26433,-146.23935,0.00000],[185.65605,-146.74435,0.00000],[185.77082,-143.24623,0.00000],[170.37910,-142.74124,0.00000]
g
"60",[161.63737,-155.73844,0.00000],[161.50464,-170.47697,0.00000],[165.00450,-170.50849,0.00000],[165.13723,-155.76996,0.00000]
g
"61",[165.00450,-170.50849,0.00000],[165.13723,-155.76996,0.00000],[161.63737,-155.73844,0.00000],[161.50464,-170.47697,0.00000]
g
"62",[126.63544,-134.51253,0.00000],[126.71534,-130.39675,0.00000],[123.21600,-130.32881,0.00000],[123.13610,-134.44460,0.00000]
g
"63",[119.71666,-130.26088,0.00000],[119.63676,-134.37666,0.00000],[123.13610,-134.44460,0.00000],[123.21600,-130.32881,0.00000]
g
"66",[85.76467,-275.30958,0.00000],[70.37700,-274.69332,0.00000],[70.23694,-278.19052,0.00000],[85.62461,-278.80678,0.00000]
g
"73",[129.77321,-291.08331,0.00000],[145.16087,-291.69957,0.00000],[145.30093,-288.20237,0.00000],[129.91327,-287.58611,0.00000]
g
"74",[139.85554,-277.47587,0.00000],[124.46787,-276.85961,0.00000],[124.32781,-280.35681,0.00000],[139.71548,-280.97307,0.00000]
g
"113",[87.03725,-275.36055,0.00000],[69.56954,-274.66098,0.00000],[69.42948,-278.15818,0.00000],[86.89719,-278.85775,0.00000]
g
"118",[78.23037,-289.01907,0.00000],[95.61643,-289.71536,0.00000],[95.75649,-286.21816,0.00000],[78.37043,-285.52187,0.00000]
g
"119",[38.68863,-133.78716,0.00000],[38.85708,-116.21840,0.00000],[31.85740,-116.15129,0.00000],[31.68895,-133.72005,0.00000]
g
"152",[31.85740,-116.15129,0.00000],[31.68895,-133.72005,0.00000],[38.68863,-133.78716,0.00000],[38.85708,-116.21840,0.00000]
g
"153",[120.01177,-165.47297,0.00000],[212.54713,-168.50901,0.00000],[212.66191,-165.01089,0.00000],[120.12654,-161.97485,0.00000]
g
"154",[110.76530,-134.91537,0.00000],[110.43565,-157.40457,0.00000],[113.93528,-157.45587,0.00000],[114.26492,-134.96667,0.00000]
g
"10000",[234.17356,-189.19085,0.00000],[233.66455,-188.97482,0.00000],[233.25528,-188.67733,0.00000],[232.84657,-188.24033,0.00000],[232.46309,-187.67411,0.00000],[232.12847,-187.00584,0.00000],[231.86000,-186.27082,0.00000],[231.66895,-185.50789,0.00000],[231.56146,-184.75834,0.00000],[231.53640,-184.00921,0.00000],[228.03487,-184.02193,0.00000],[228.06981,-185.06618,0.00000],[228.22999,-186.18320,0.00000],[228.50944,-187.29912,0.00000],[228.90943,-188.39428,0.00000],[229.43637,-189.44660,0.00000],[230.10269,-190.43043,0.00000],[230.92718,-191.31201,0.00000],[231.92963,-192.04069,0.00000],[233.00601,-192.49750,0.00000]
g
"10001",[224.52876,-184.20971,0.00000],[224.52581,-184.37966,0.00000],[224.52583,-184.55771,0.00000],[224.52890,-184.73599,0.00000],[224.53498,-184.91446,0.00000],[224.54402,-185.09309,0.00000],[224.55598,-185.27184,0.00000],[224.57081,-185.45068,0.00000],[224.58848,-185.62956,0.00000],[224.60895,-185.80845,0.00000],[224.63218,-185.98732,0.00000],[224.65815,-186.16613,0.00000],[224.68680,-186.34483,0.00000],[224.71812,-186.52340,0.00000],[224.75207,-186.70180,0.00000],[224.78863,-186.87999,0.00000],[224.82776,-187.05794,0.00000],[224.86944,-187.23559,0.00000],[224.91365,-187.41293,0.00000],[224.96035,-187.58990,0.00000],[225.00953,-187.76648,0.00000],[225.06116,-187.94261,0.00000],[225.11522,-188.11827,0.00000],[225.17169,-188.29341,0.00000],[225.23055,-188.46799,0.00000],[225.29178,-188.64197,0.00000],[225.35536,-188.81531,0.00000],[225.42127,-188.98797,0.00000],[225.48950,-189.15991,0.00000],[225.56004,-189.33108,0.00000],[225.63286,-189.50144,0.00000],[225.70795,-189.67096,0.00000],[225.78530,-189.83958,0.00000],[225.86489,-190.00726,0.00000],[225.94671,-190.17395,0.00000],[226.03075,-190.33963,0.00000],[226.11700,-190.50423,0.00000],[226.20545,-190.66771,0.00000],[226.29609,-190.83003,0.00000],[226.38891,-190.99114,0.00000],[226.48390,-191.15099,0.00000],[226.58105,-191.30955,0.00000],[226.68036,-191.46674,0.00000],[226.78182,-191.62254,0.00000],[226.88542,-191.77689,0.00000],[226.99117,-191.92974,0.00000],[227.09905,-192.08104,0.00000],[227.20907,-192.23074,0.00000],[227.32122,-192.37879,0.00000],[227.43550,-192.52513,0.00000],[227.55191,-192.66970,0.00000],[227.67044,-192.81247,0.00000],[227.79111,-192.95336,0.00000],[227.91391,-193.09232,0.00000],[228.03883,-193.22930,0.00000],[228.16589,-193.36423,0.00000],[228.29509,-193.49705,0.00000],[228.42643,-193.62771,0.00000],[228.55991,-193.75613,0.00000],[228.69554,-193.88224,0.00000],[228.83332,-194.00599,0.00000],[228.97326,-194.12731,0.00000],[229.11535,-194.24611,0.00000],[229.25961,-194.36233,0.00000],[229.40604,-194.47589,0.00000],[229.55463,-194.58671,0.00000],[229.70540,-194.69472,0.00000],[229.85833,-194.79982,0.00000],[230.01345,-194.90193,0.00000],[230.17073,-195.00097,0.00000],[230.33017,-195.09684,0.00000],[230.49178,-195.18945,0.00000],[230.65554,-195.27870,0.00000],[230.82144,-195.36449,0.00000],[230.98946,-195.44673,0.00000],[231.15959,-195.52530,0.00000],[231.33181,-195.60010,0.00000],[231.50608,-195.67103,0.00000],[231.68237,-195.73798,0.00000],[231.86065,-195.80084,0.00000],[232.04087,-195.85948,0.00000],[232.21246,-195.91068,0.00000],[233.19221,-192.55053,0.00000],[233.08289,-192.51792,0.00000],[232.98423,-192.48581,0.00000],[232.88569,-192.45107,0.00000],[232.78726,-192.41369,0.00000],[232.68894,-192.37368,0.00000],[232.59075,-192.33103,0.00000],[232.49270,-192.28574,0.00000],[232.39480,-192.23782,0.00000],[232.29706,-192.18728,0.00000],[232.19953,-192.13412,0.00000],[232.10222,-192.07836,0.00000],[232.00516,-192.02000,0.00000],[231.90839,-191.95907,0.00000],[231.81195,-191.89558,0.00000],[231.71586,-191.82955,0.00000],[231.62018,-191.76100,0.00000],[231.52493,-191.68997,0.00000],[231.43017,-191.61647,0.00000],[231.33593,-191.54055,0.00000],[231.24226,-191.46223,0.00000],[231.14919,-191.38155,0.00000],[231.05678,-191.29855,0.00000],[230.96506,-191.21326,0.00000],[230.87409,-191.12574,0.00000],[230.78389,-191.03602,0.00000],[230.69452,-190.94414,0.00000],[230.60602,-190.85016,0.00000],[230.51843,-190.75412,0.00000],[230.43180,-190.65608,0.00000],[230.34615,-190.55608,0.00000],[230.26154,-190.45417,0.00000],[230.17800,-190.35041,0.00000],[230.09557,-190.24486,0.00000],[230.01429,-190.13757,0.00000],[229.93420,-190.02859,0.00000],[229.85534,-189.91799,0.00000],[229.77773,-189.80582,0.00000],[229.70143,-189.69214,0.00000],[229.62645,-189.57700,0.00000],[229.55284,-189.46048,0.00000],[229.48062,-189.34263,0.00000],[229.40984,-189.22351,0.00000],[229.34052,-189.10319,0.00000],[229.27269,-188.98172,0.00000],[229.20639,-188.85917,0.00000],[229.14164,-188.73561,0.00000],[229.07848,-188.61109,0.00000],[229.01692,-188.48568,0.00000],[228.95701,-188.35945,0.00000],[228.89876,-188.23247,0.00000],[228.84220,-188.10479,0.00000],[228.78736,-187.97648,0.00000],[228.73426,-187.84762,0.00000],[228.68292,-187.71826,0.00000],[228.63337,-187.58848,0.00000],[228.58564,-187.45833,0.00000],[228.53974,-187.32790,0.00000],[228.49569,-187.19725,0.00000],[228.45351,-187.06644,0.00000],[228.41323,-186.93556,0.00000],[228.37486,-186.80465,0.00000],[228.33842,-186.67381,0.00000],[228.30392,-186.54309,0.00000],[228.27138,-186.41257,0.00000],[228.24083,-186.28231,0.00000],[228.21226,-186.15240,0.00000],[228.18569,-186.02289,0.00000],[228.16113,-185.89388,0.00000],[228.13860,-185.76541,0.00000],[228.11810,-185.63758,0.00000],[228.09964,-185.51044,0.00000],[228.08323,-185.38408,0.00000],[228.06887,-185.25856,0.00000],[228.05656,-185.13397,0.00000],[228.04631,-185.01037,0.00000],[228.03811,-184.88783,0.00000],[228.03197,-184.76643,0.00000],[228.02788,-184.64625,0.00000],[228.02583,-184.52734,0.00000],[228.02581,-184.40979,0.00000],[228.02796,-184.28584,0.00000]
g
"10002",[232.61103,-142.96475,0.00000],[232.61662,-142.72625,0.00000],[232.62098,-142.48557,0.00000],[232.62409,-142.24514,0.00000],[232.62598,-142.00497,0.00000],[232.62668,-141.76504,0.00000],[232.62624,-141.52536,0.00000],[232.62468,-141.28594,0.00000],[232.62206,-141.04676,0.00000],[232.61839,-140.80784,0.00000],[232.61372,-140.56917,0.00000],[232.60807,-140.33076,0.00000],[232.60150,-140.09259,0.00000],[232.59403,-139.85468,0.00000],[232.58570,-139.61702,0.00000],[232.57654,-139.37961,0.00000],[232.56659,-139.14246,0.00000],[232.55588,-138.90555,0.00000],[232.54445,-138.66890,0.00000],[232.53233,-138.43250,0.00000],[232.51956,-138.19634,0.00000],[232.50617,-137.96044,0.00000],[232.49220,-137.72479,0.00000],[232.47767,-137.48939,0.00000],[232.46263,-137.25424,0.00000],[232.44700,-137.01762,0.00000],[232.43103,-136.78309,0.00000],[232.41466,-136.54881,0.00000],[232.39790,-136.31477,0.00000],[232.38080,-136.08099,0.00000],[232.36339,-135.84745,0.00000],[232.34570,-135.61416,0.00000],[232.32776,-135.38111,0.00000],[232.30961,-135.14831,0.00000],[232.29128,-134.91576,0.00000],[232.27280,-134.68345,0.00000],[232.25422,-134.45139,0.00000],[232.23555,-134.21957,0.00000],[232.21683,-133.98800,0.00000],[232.19810,-133.75668,0.00000],[232.17938,-133.52560,0.00000],[232.16072,-133.29476,0.00000],[232.14213,-133.06417,0.00000],[232.12366,-132.83383,0.00000],[232.10534,-132.60373,0.00000],[232.08719,-132.37388,0.00000],[232.06926,-132.14427,0.00000],[232.05157,-131.91490,0.00000],[232.03415,-131.68578,0.00000],[232.01703,-131.45691,0.00000],[232.00025,-131.22828,0.00000],[231.98384,-130.99989,0.00000],[231.96783,-130.77175,0.00000],[231.95225,-130.54386,0.00000],[231.93701,-130.31439,0.00000],[231.92238,-130.08687,0.00000],[231.90827,-129.85959,0.00000],[231.89472,-129.63256,0.00000],[231.88175,-129.40577,0.00000],[231.86940,-129.17923,0.00000],[231.85770,-128.95293,0.00000],[231.84667,-128.72689,0.00000],[231.83635,-128.50109,0.00000],[231.82677,-128.27553,0.00000],[231.81795,-128.05022,0.00000],[231.80993,-127.82516,0.00000],[231.80274,-127.60034,0.00000],[231.79641,-127.37577,0.00000],[231.79096,-127.15145,0.00000],[231.78643,-126.92737,0.00000],[231.78284,-126.70354,0.00000],[231.78023,-126.47995,0.00000],[231.77862,-126.25661,0.00000],[231.77805,-126.03351,0.00000],[231.77853,-125.81065,0.00000],[231.78011,-125.58804,0.00000],[231.78281,-125.36567,0.00000],[231.78666,-125.14353,0.00000],[231.79168,-124.92164,0.00000],[231.79791,-124.69999,0.00000],[231.80535,-124.47935,0.00000],[231.81846,-124.15437,0.00000],[228.32145,-124.00973,0.00000],[228.30773,-124.34984,0.00000],[228.29957,-124.59186,0.00000],[228.29280,-124.83286,0.00000],[228.28734,-125.07362,0.00000],[228.28318,-125.31413,0.00000],[228.28026,-125.55439,0.00000],[228.27856,-125.79441,0.00000],[228.27804,-126.03419,0.00000],[228.27865,-126.27371,0.00000],[228.28038,-126.51299,0.00000],[228.28317,-126.75201,0.00000],[228.28699,-126.99079,0.00000],[228.29182,-127.22932,0.00000],[228.29761,-127.46760,0.00000],[228.30432,-127.70563,0.00000],[228.31193,-127.94342,0.00000],[228.32039,-128.18095,0.00000],[228.32967,-128.41823,0.00000],[228.33974,-128.65527,0.00000],[228.35057,-128.89206,0.00000],[228.36210,-129.12860,0.00000],[228.37433,-129.36489,0.00000],[228.38720,-129.60093,0.00000],[228.40068,-129.83673,0.00000],[228.41474,-130.07228,0.00000],[228.42934,-130.30759,0.00000],[228.44446,-130.54264,0.00000],[228.45994,-130.77576,0.00000],[228.47598,-131.01045,0.00000],[228.49243,-131.24489,0.00000],[228.50925,-131.47909,0.00000],[228.52642,-131.71304,0.00000],[228.54389,-131.94676,0.00000],[228.56164,-132.18022,0.00000],[228.57963,-132.41345,0.00000],[228.59782,-132.64643,0.00000],[228.61619,-132.87916,0.00000],[228.63471,-133.11166,0.00000],[228.65333,-133.34391,0.00000],[228.67203,-133.57592,0.00000],[228.69077,-133.80769,0.00000],[228.70952,-134.03922,0.00000],[228.72825,-134.27050,0.00000],[228.74692,-134.50155,0.00000],[228.76551,-134.73235,0.00000],[228.78398,-134.96291,0.00000],[228.80230,-135.19323,0.00000],[228.82043,-135.42331,0.00000],[228.83835,-135.65315,0.00000],[228.85602,-135.88274,0.00000],[228.87341,-136.11210,0.00000],[228.89049,-136.34121,0.00000],[228.90723,-136.57008,0.00000],[228.92359,-136.79871,0.00000],[228.93955,-137.02710,0.00000],[228.95507,-137.25525,0.00000],[228.97000,-137.48131,0.00000],[228.98456,-137.70885,0.00000],[228.99858,-137.93615,0.00000],[229.01204,-138.16320,0.00000],[229.02492,-138.39002,0.00000],[229.03717,-138.61659,0.00000],[229.04877,-138.84292,0.00000],[229.05969,-139.06900,0.00000],[229.06990,-139.29485,0.00000],[229.07937,-139.52045,0.00000],[229.08806,-139.74581,0.00000],[229.09596,-139.97092,0.00000],[229.10302,-140.19579,0.00000],[229.10922,-140.42042,0.00000],[229.11453,-140.64481,0.00000],[229.11891,-140.86896,0.00000],[229.12235,-141.09287,0.00000],[229.12481,-141.31653,0.00000],[229.12626,-141.53995,0.00000],[229.12667,-141.76314,0.00000],[229.12602,-141.98608,0.00000],[229.12427,-142.20879,0.00000],[229.12139,-142.43126,0.00000],[229.11737,-142.65349,0.00000],[229.11210,-142.87790,0.00000]
g
"10003",[215.31780,-144.21565,0.00000],[215.57316,-144.26833,0.00000],[215.73390,-144.36137,0.00000],[215.97617,-144.60194,0.00000],[216.25165,-145.00812,0.00000],[216.51215,-145.54824,0.00000],[216.72764,-146.17359,0.00000],[216.88174,-146.83178,0.00000],[216.96669,-147.46827,0.00000],[216.98408,-148.08244,0.00000],[220.48563,-148.08749,0.00000],[220.46011,-147.18645,0.00000],[220.32843,-146.19984,0.00000],[220.09481,-145.20199,0.00000],[219.75410,-144.21328,0.00000],[219.29252,-143.25623,0.00000],[218.68267,-142.35704,0.00000],[217.87897,-141.55898,0.00000],[216.83573,-140.95507,0.00000],[215.73170,-140.72735,0.00000]
g
"10004",[224.00941,-147.37981,0.00000],[223.87832,-145.80946,0.00000],[223.40811,-144.19440,0.00000],[222.67198,-142.67275,0.00000],[221.71521,-141.26661,0.00000],[220.57135,-140.00250,0.00000],[219.26596,-138.91304,0.00000],[217.81786,-138.03888,0.00000],[216.23161,-137.43005,0.00000],[214.54921,-137.18941,0.00000],[214.24728,-140.68185,0.00000],[215.34565,-140.83895,0.00000],[216.27438,-141.19541,0.00000],[217.22844,-141.77134,0.00000],[218.14055,-142.53258,0.00000],[218.95765,-143.43557,0.00000],[219.63345,-144.42877,0.00000],[220.12965,-145.45448,0.00000],[220.41967,-146.45062,0.00000],[220.50486,-147.47111,0.00000]
g
"10005",[216.60827,-160.12671,0.00000],[216.55713,-160.35503,0.00000],[216.48413,-160.46393,0.00000],[216.22947,-160.67309,0.00000],[215.75899,-160.91854,0.00000],[215.11798,-161.14199,0.00000],[214.37067,-161.31577,0.00000],[213.57999,-161.43074,0.00000],[212.81318,-161.48646,0.00000],[211.85865,-161.48265,0.00000],[211.79426,-164.98242,0.00000],[212.93320,-164.98697,0.00000],[213.95914,-164.91242,0.00000],[215.02000,-164.75816,0.00000],[216.09318,-164.50861,0.00000],[217.15182,-164.13956,0.00000],[218.17030,-163.60824,0.00000],[219.10412,-162.84125,0.00000],[219.82929,-161.75952,0.00000],[220.09621,-160.56766,0.00000]
g
"10006",[212.14234,-168.49573,0.00000],[213.62975,-168.44429,0.00000],[215.23465,-168.19908,0.00000],[216.84991,-167.77285,0.00000],[218.42986,-167.16719,0.00000],[219.92548,-166.37518,0.00000],[221.28312,-165.37767,0.00000],[222.43325,-164.14027,0.00000],[223.26429,-162.62829,0.00000],[223.58402,-161.01308,0.00000],[220.09470,-160.61602,0.00000],[219.93611,-161.41720,0.00000],[219.57469,-162.07476,0.00000],[218.94447,-162.75281,0.00000],[218.06032,-163.40242,0.00000],[216.97919,-163.97494,0.00000],[215.77387,-164.43699,0.00000],[214.52183,-164.76738,0.00000],[213.30385,-164.95347,0.00000],[212.13924,-164.99374,0.00000]
g
"10007",[127.55689,-134.54303,0.00000],[127.40977,-134.52351,0.00000],[127.28880,-134.48501,0.00000],[127.12909,-134.40630,0.00000],[126.96318,-134.29420,0.00000],[126.81795,-134.16472,0.00000],[126.71382,-134.04126,0.00000],[126.66158,-133.95397,0.00000],[126.65473,-133.93499,0.00000],[126.64784,-133.87385,0.00000],[123.14402,-134.03654,0.00000],[123.22285,-134.73609,0.00000],[123.48444,-135.46074,0.00000],[123.85585,-136.08141,0.00000],[124.30305,-136.61162,0.00000],[124.80930,-137.06292,0.00000],[125.36752,-137.44009,0.00000],[125.97707,-137.74052,0.00000],[126.64296,-137.95245,0.00000],[127.27278,-138.03601,0.00000]
g
"10008",[126.70132,-131.11922,0.00000],[126.74071,-130.96272,0.00000],[126.72453,-130.98029,0.00000],[127.00696,-130.84521,0.00000],[127.65525,-130.70233,0.00000],[128.55794,-130.62763,0.00000],[129.60541,-130.62480,0.00000],[130.71144,-130.67204,0.00000],[131.80882,-130.73964,0.00000],[132.92160,-130.79681,0.00000],[133.07485,-127.30006,0.00000],[132.00621,-127.24517,0.00000],[130.89374,-127.17663,0.00000],[129.67540,-127.12460,0.00000],[128.40864,-127.12802,0.00000],[127.13191,-127.23368,0.00000],[125.86027,-127.51393,0.00000],[124.60692,-128.11337,0.00000],[123.56379,-129.24544,0.00000],[123.20973,-130.65209,0.00000]
g
"10009",[109.80431,-129.79010,0.00000],[110.04238,-129.85110,0.00000],[110.11350,-129.91031,0.00000],[110.30177,-130.22986,0.00000],[110.50551,-130.86292,0.00000],[110.65666,-131.72685,0.00000],[110.74207,-132.72776,0.00000],[110.77266,-133.78561,0.00000],[110.76826,-134.83277,0.00000],[110.75226,-135.80457,0.00000],[114.25189,-135.85587,0.00000],[114.26814,-134.86894,0.00000],[114.27288,-133.74237,0.00000],[114.23776,-132.52823,0.00000],[114.13088,-131.27560,0.00000],[113.91141,-130.02119,0.00000],[113.51448,-128.78783,0.00000],[112.82028,-127.60962,0.00000],[111.67540,-126.65645,0.00000],[110.31221,-126.30718,0.00000]
g
"10010",[110.44197,-156.97320,0.00000],[110.66665,-158.58569,0.00000],[111.36377,-160.15034,0.00000],[112.38001,-161.49664,0.00000],[113.61889,-162.63920,0.00000],[115.01529,-163.59432,0.00000],[116.51820,-164.36780,0.00000],[118.08261,-164.95583,0.00000],[119.67362,-165.34799,0.00000],[121.28718,-165.51481,0.00000],[121.52482,-162.02073,0.00000],[120.27529,-161.89154,0.00000],[119.12075,-161.60696,0.00000],[117.93950,-161.16296,0.00000],[116.81104,-160.58219,0.00000],[115.80476,-159.89391,0.00000],[114.98403,-159.13698,0.00000],[114.39811,-158.36077,0.00000],[114.06492,-157.61295,0.00000],[113.94553,-156.75608,0.00000]
g
"10011",[224.83664,-123.57714,0.00000],[224.82494,-123.87001,0.00000],[224.81457,-124.16484,0.00000],[224.80557,-124.45948,0.00000],[224.79792,-124.75392,0.00000],[224.79157,-125.04816,0.00000],[224.78649,-125.34221,0.00000],[224.78264,-125.63607,0.00000],[224.78000,-125.92973,0.00000],[224.77851,-126.22319,0.00000],[224.77816,-126.51646,0.00000],[224.77890,-126.80953,0.00000],[224.78069,-127.10240,0.00000],[224.78350,-127.39507,0.00000],[224.78731,-127.68755,0.00000],[224.79206,-127.97982,0.00000],[224.79773,-128.27190,0.00000],[224.80428,-128.56378,0.00000],[224.81167,-128.85546,0.00000],[224.81988,-129.14694,0.00000],[224.82886,-129.43822,0.00000],[224.83859,-129.72931,0.00000],[224.84902,-130.02019,0.00000],[224.86012,-130.31088,0.00000],[224.87186,-130.60136,0.00000],[224.88429,-130.89339,0.00000],[224.89720,-131.18337,0.00000],[224.91065,-131.47316,0.00000],[224.92459,-131.76275,0.00000],[224.93900,-132.05214,0.00000],[224.95385,-132.34133,0.00000],[224.96909,-132.63032,0.00000],[224.98470,-132.91911,0.00000],[225.00063,-133.20771,0.00000],[225.01686,-133.49610,0.00000],[225.03336,-133.78430,0.00000],[225.05008,-134.07230,0.00000],[225.06700,-134.36010,0.00000],[225.08408,-134.64770,0.00000],[225.10129,-134.93510,0.00000],[225.11860,-135.22230,0.00000],[225.13596,-135.50930,0.00000],[225.15335,-135.79610,0.00000],[225.17074,-136.08271,0.00000],[225.18810,-136.36911,0.00000],[225.20538,-136.65532,0.00000],[225.22255,-136.94132,0.00000],[225.23960,-137.22713,0.00000],[225.25647,-137.51274,0.00000],[225.27314,-137.79814,0.00000],[225.28957,-138.08335,0.00000],[225.30574,-138.36835,0.00000],[225.32160,-138.65316,0.00000],[225.33714,-138.93776,0.00000],[225.35231,-139.22216,0.00000],[225.36708,-139.50636,0.00000],[225.38143,-139.79036,0.00000],[225.39531,-140.07416,0.00000],[225.40870,-140.35775,0.00000],[225.42156,-140.64115,0.00000],[225.43394,-140.92613,0.00000],[225.44565,-141.20922,0.00000],[225.45675,-141.49210,0.00000],[225.46719,-141.77479,0.00000],[225.47694,-142.05727,0.00000],[225.48598,-142.33954,0.00000],[225.49426,-142.62162,0.00000],[225.50177,-142.90348,0.00000],[225.50847,-143.18515,0.00000],[225.51432,-143.46661,0.00000],[225.51930,-143.74787,0.00000],[225.52337,-144.02892,0.00000],[225.52651,-144.30977,0.00000],[225.52867,-144.59041,0.00000],[225.52984,-144.87085,0.00000],[225.52998,-145.15108,0.00000],[225.52906,-145.43112,0.00000],[225.52705,-145.71094,0.00000],[225.52391,-145.99057,0.00000],[225.51963,-146.26999,0.00000],[225.51417,-146.54840,0.00000],[225.50217,-147.03090,0.00000],[229.00097,-147.12250,0.00000],[229.01332,-146.62622,0.00000],[229.01910,-146.33113,0.00000],[229.02361,-146.03704,0.00000],[229.02691,-145.74315,0.00000],[229.02902,-145.44946,0.00000],[229.02999,-145.15597,0.00000],[229.02984,-144.86268,0.00000],[229.02862,-144.56959,0.00000],[229.02636,-144.27671,0.00000],[229.02309,-143.98402,0.00000],[229.01885,-143.69154,0.00000],[229.01368,-143.39926,0.00000],[229.00760,-143.10718,0.00000],[229.00066,-142.81530,0.00000],[228.99289,-142.52362,0.00000],[228.98433,-142.23215,0.00000],[228.97501,-141.94088,0.00000],[228.96496,-141.64981,0.00000],[228.95421,-141.35895,0.00000],[228.94282,-141.06828,0.00000],[228.93080,-140.77782,0.00000],[228.91826,-140.48926,0.00000],[228.90510,-140.19910,0.00000],[228.89142,-139.90915,0.00000],[228.87725,-139.61940,0.00000],[228.86263,-139.32985,0.00000],[228.84759,-139.04050,0.00000],[228.83217,-138.75136,0.00000],[228.81640,-138.46241,0.00000],[228.80032,-138.17367,0.00000],[228.78395,-137.88514,0.00000],[228.76734,-137.59680,0.00000],[228.75051,-137.30867,0.00000],[228.73351,-137.02074,0.00000],[228.71635,-136.73301,0.00000],[228.69908,-136.44549,0.00000],[228.68173,-136.15817,0.00000],[228.66434,-135.87105,0.00000],[228.64693,-135.58413,0.00000],[228.62954,-135.29742,0.00000],[228.61221,-135.01091,0.00000],[228.59496,-134.72460,0.00000],[228.57782,-134.43850,0.00000],[228.56085,-134.15260,0.00000],[228.54405,-133.86690,0.00000],[228.52747,-133.58141,0.00000],[228.51115,-133.29612,0.00000],[228.49510,-133.01103,0.00000],[228.47937,-132.72615,0.00000],[228.46399,-132.44148,0.00000],[228.44899,-132.15700,0.00000],[228.43440,-131.87274,0.00000],[228.42026,-131.58868,0.00000],[228.40659,-131.30482,0.00000],[228.39344,-131.02117,0.00000],[228.38082,-130.73773,0.00000],[228.36886,-130.45633,0.00000],[228.35742,-130.17340,0.00000],[228.34662,-129.89067,0.00000],[228.33649,-129.60816,0.00000],[228.32706,-129.32585,0.00000],[228.31836,-129.04375,0.00000],[228.31042,-128.76185,0.00000],[228.30328,-128.48017,0.00000],[228.29697,-128.19869,0.00000],[228.29151,-127.91742,0.00000],[228.28694,-127.63635,0.00000],[228.28329,-127.35550,0.00000],[228.28059,-127.07485,0.00000],[228.27887,-126.79441,0.00000],[228.27816,-126.51418,0.00000],[228.27850,-126.23416,0.00000],[228.27992,-125.95434,0.00000],[228.28244,-125.67473,0.00000],[228.28609,-125.39533,0.00000],[228.29091,-125.11614,0.00000],[228.29693,-124.83715,0.00000],[228.30418,-124.55836,0.00000],[228.31269,-124.27979,0.00000],[228.32248,-124.00142,0.00000],[228.33368,-123.72110,0.00000]
g
"10012",[13.48030,-119.04625,0.00000],[12.10997,-118.77677,0.00000],[10.90226,-118.15017,0.00000],[9.72737,-117.14376,0.00000],[8.64041,-115.80458,0.00000],[7.69567,-114.21211,0.00000],[6.93547,-112.45942,0.00000],[6.39178,-110.64513,0.00000],[6.08788,-108.87253,0.00000],[6.03352,-107.17046,0.00000],[2.53083,-107.14222,0.00000],[2.59738,-109.22577,0.00000],[2.97804,-111.44614,0.00000],[3.64216,-113.66231,0.00000],[4.57269,-115.80770,0.00000],[5.76119,-117.81106,0.00000],[7.20965,-119.59562,0.00000],[8.93198,-121.07096,0.00000],[10.94291,-122.11430,0.00000],[13.07230,-122.53305,0.00000]
g
"10013",[120.65949,-158.49045,0.00000],[120.15608,-158.42577,0.00000],[119.66913,-158.27913,0.00000],[119.15417,-158.04048,0.00000],[118.65644,-157.72496,0.00000],[118.21553,-157.35617,0.00000],[117.86465,-156.96526,0.00000],[117.62656,-156.59057,0.00000],[117.50435,-156.27148,0.00000],[117.45851,-155.89643,0.00000],[113.95538,-156.08396,0.00000],[114.08229,-157.12230,0.00000],[114.48387,-158.17083,0.00000],[115.06622,-159.08728,0.00000],[115.77805,-159.88031,0.00000],[116.58776,-160.55757,0.00000],[117.47416,-161.11949,0.00000],[118.42245,-161.55896,0.00000],[119.42351,-161.86042,0.00000],[120.37847,-161.98311,0.00000]
g
"10014",[4.78869,-132.00134,0.00000],[5.04172,-130.89421,0.00000],[5.57343,-129.94678,0.00000],[6.42563,-129.02005,0.00000],[7.56525,-128.16092,0.00000],[8.92522,-127.41583,0.00000],[10.42457,-126.81884,0.00000],[11.97746,-126.39352,0.00000],[13.49429,-126.15536,0.00000],[14.95062,-126.10859,0.00000],[14.96233,-122.60641,0.00000],[13.16542,-122.66412,0.00000],[11.24144,-122.96620,0.00000],[9.31147,-123.49481,0.00000],[7.43143,-124.24336,0.00000],[5.66097,-125.21335,0.00000],[4.06467,-126.41677,0.00000],[2.72094,-127.87801,0.00000],[1.74226,-129.62187,0.00000],[1.31593,-131.48730,0.00000]
g
"10015",[4.77704,-132.16930,0.00000],[4.80278,-131.79569,0.00000],[4.82817,-131.42209,0.00000],[4.85323,-131.04850,0.00000],[4.87797,-130.67492,0.00000],[4.90239,-130.30134,0.00000],[4.92650,-129.92778,0.00000],[4.95030,-129.55422,0.00000],[4.97380,-129.18068,0.00000],[4.99700,-128.80715,0.00000],[5.01991,-128.43362,0.00000],[5.04254,-128.06011,0.00000],[5.06490,-127.68661,0.00000],[5.08698,-127.31312,0.00000],[5.10880,-126.93965,0.00000],[5.13037,-126.56619,0.00000],[5.15167,-126.19274,0.00000],[5.17274,-125.81930,0.00000],[5.19356,-125.44588,0.00000],[5.21415,-125.07247,0.00000],[5.23451,-124.69908,0.00000],[5.25464,-124.32570,0.00000],[5.27456,-123.95234,0.00000],[5.29428,-123.57899,0.00000],[5.31378,-123.20566,0.00000],[5.33309,-122.83234,0.00000],[5.35221,-122.45904,0.00000],[5.37114,-122.08576,0.00000],[5.38989,-121.71250,0.00000],[5.40847,-121.33925,0.00000],[5.42687,-120.96602,0.00000],[5.44512,-120.59282,0.00000],[5.46321,-120.21963,0.00000],[5.48115,-119.84646,0.00000],[5.49895,-119.47330,0.00000],[5.51661,-119.10017,0.00000],[5.53414,-118.72706,0.00000],[5.55154,-118.35397,0.00000],[5.56882,-117.98090,0.00000],[5.58599,-117.60786,0.00000],[5.60305,-117.23483,0.00000],[5.62001,-116.86183,0.00000],[5.63687,-116.48885,0.00000],[5.65365,-116.11589,0.00000],[5.67034,-115.74296,0.00000],[5.68695,-115.37005,0.00000],[5.70349,-114.99716,0.00000],[5.71997,-114.62430,0.00000],[5.73638,-114.25146,0.00000],[5.75275,-113.87865,0.00000],[5.76906,-113.50587,0.00000],[5.78533,-113.13310,0.00000],[5.80157,-112.76037,0.00000],[5.81778,-112.38766,0.00000],[5.83396,-112.01498,0.00000],[5.85013,-111.64233,0.00000],[5.86629,-111.26970,0.00000],[5.88244,-110.89711,0.00000],[5.89859,-110.52454,0.00000],[5.91474,-110.15200,0.00000],[5.93091,-109.77949,0.00000],[5.94710,-109.40700,0.00000],[5.96331,-109.03455,0.00000],[5.97955,-108.66213,0.00000],[5.99583,-108.28974,0.00000],[6.01215,-107.91738,0.00000],[6.02852,-107.54505,0.00000],[6.04494,-107.17276,0.00000],[6.06143,-106.80049,0.00000],[6.07798,-106.42826,0.00000],[6.09460,-106.05606,0.00000],[6.11130,-105.68389,0.00000],[6.12808,-105.31176,0.00000],[6.14496,-104.93966,0.00000],[6.16193,-104.56760,0.00000],[6.17900,-104.19557,0.00000],[6.19618,-103.82357,0.00000],[6.21348,-103.45161,0.00000],[6.23089,-103.07969,0.00000],[6.24843,-102.70780,0.00000],[6.26611,-102.33578,0.00000],[6.27785,-102.09023,0.00000],[2.78189,-101.92210,0.00000],[2.77010,-102.16866,0.00000],[2.75238,-102.54165,0.00000],[2.73478,-102.91479,0.00000],[2.71731,-103.28791,0.00000],[2.69996,-103.66101,0.00000],[2.68273,-104.03409,0.00000],[2.66561,-104.40715,0.00000],[2.64859,-104.78019,0.00000],[2.63168,-105.15320,0.00000],[2.61485,-105.52619,0.00000],[2.59812,-105.89916,0.00000],[2.58146,-106.27211,0.00000],[2.56488,-106.64503,0.00000],[2.54837,-107.01793,0.00000],[2.53192,-107.39081,0.00000],[2.51553,-107.76366,0.00000],[2.49919,-108.13648,0.00000],[2.48289,-108.50928,0.00000],[2.46663,-108.88206,0.00000],[2.45041,-109.25481,0.00000],[2.43421,-109.62753,0.00000],[2.41804,-110.00022,0.00000],[2.40187,-110.37289,0.00000],[2.38572,-110.74553,0.00000],[2.36957,-111.11814,0.00000],[2.35342,-111.49073,0.00000],[2.33725,-111.86328,0.00000],[2.32108,-112.23581,0.00000],[2.30488,-112.60831,0.00000],[2.28865,-112.98078,0.00000],[2.27239,-113.35321,0.00000],[2.25609,-113.72562,0.00000],[2.23975,-114.09800,0.00000],[2.22336,-114.47034,0.00000],[2.20690,-114.84266,0.00000],[2.19039,-115.21494,0.00000],[2.17381,-115.58719,0.00000],[2.15715,-115.95941,0.00000],[2.14041,-116.33159,0.00000],[2.12358,-116.70374,0.00000],[2.10666,-117.07586,0.00000],[2.08965,-117.44795,0.00000],[2.07252,-117.81999,0.00000],[2.05529,-118.19201,0.00000],[2.03794,-118.56399,0.00000],[2.02047,-118.93593,0.00000],[2.00286,-119.30784,0.00000],[1.98513,-119.67971,0.00000],[1.96725,-120.05155,0.00000],[1.94923,-120.42335,0.00000],[1.93105,-120.79511,0.00000],[1.91272,-121.16683,0.00000],[1.89422,-121.53851,0.00000],[1.87555,-121.91016,0.00000],[1.85670,-122.28177,0.00000],[1.83767,-122.65334,0.00000],[1.81845,-123.02487,0.00000],[1.79904,-123.39636,0.00000],[1.77943,-123.76781,0.00000],[1.75962,-124.13922,0.00000],[1.73959,-124.51058,0.00000],[1.71934,-124.88191,0.00000],[1.69887,-125.25320,0.00000],[1.67817,-125.62444,0.00000],[1.65723,-125.99564,0.00000],[1.63605,-126.36680,0.00000],[1.61462,-126.73791,0.00000],[1.59294,-127.10898,0.00000],[1.57100,-127.48001,0.00000],[1.54880,-127.85100,0.00000],[1.52632,-128.22194,0.00000],[1.50357,-128.59283,0.00000],[1.48053,-128.96368,0.00000],[1.45720,-129.33448,0.00000],[1.43358,-129.70524,0.00000],[1.40966,-130.07595,0.00000],[1.38543,-130.44662,0.00000],[1.36088,-130.81723,0.00000],[1.33602,-131.18780,0.00000],[1.31083,-131.55833,0.00000],[1.28532,-131.92880,0.00000]
g
"10016",[-0.96002,-106.86796,0.00000],[-0.97610,-107.20312,0.00000],[-0.99210,-107.53826,0.00000],[-1.00802,-107.87338,0.00000],[-1.02388,-108.20849,0.00000],[-1.03966,-108.54358,0.00000],[-1.05538,-108.87866,0.00000],[-1.07105,-109.21371,0.00000],[-1.08666,-109.54875,0.00000],[-1.10221,-109.88377,0.00000],[-1.11773,-110.21877,0.00000],[-1.13320,-110.55375,0.00000],[-1.14863,-110.88871,0.00000],[-1.16403,-111.22366,0.00000],[-1.17940,-111.55858,0.00000],[-1.19475,-111.89348,0.00000],[-1.21007,-112.22837,0.00000],[-1.22538,-112.56323,0.00000],[-1.24068,-112.89807,0.00000],[-1.25596,-113.23289,0.00000],[-1.27125,-113.56769,0.00000],[-1.28653,-113.90247,0.00000],[-1.30182,-114.23722,0.00000],[-1.31712,-114.57195,0.00000],[-1.33243,-114.90666,0.00000],[-1.34775,-115.24135,0.00000],[-1.36310,-115.57602,0.00000],[-1.37848,-115.91066,0.00000],[-1.39388,-116.24528,0.00000],[-1.40932,-116.57987,0.00000],[-1.42479,-116.91444,0.00000],[-1.44031,-117.24899,0.00000],[-1.45587,-117.58351,0.00000],[-1.47149,-117.91801,0.00000],[-1.48716,-118.25248,0.00000],[-1.50289,-118.58693,0.00000],[-1.51868,-118.92135,0.00000],[-1.53454,-119.25574,0.00000],[-1.55047,-119.59011,0.00000],[-1.56648,-119.92445,0.00000],[-1.58256,-120.25877,0.00000],[-1.59873,-120.59306,0.00000],[-1.61499,-120.92732,0.00000],[-1.63134,-121.26155,0.00000],[-1.64779,-121.59576,0.00000],[-1.66434,-121.92994,0.00000],[-1.68099,-122.26409,0.00000],[-1.69776,-122.59821,0.00000],[-1.71463,-122.93230,0.00000],[-1.73163,-123.26636,0.00000],[-1.74874,-123.60040,0.00000],[-1.76598,-123.93440,0.00000],[-1.78336,-124.26838,0.00000],[-1.80086,-124.60232,0.00000],[-1.81851,-124.93624,0.00000],[-1.83629,-125.27012,0.00000],[-1.85423,-125.60397,0.00000],[-1.87231,-125.93779,0.00000],[-1.89055,-126.27158,0.00000],[-1.90895,-126.60534,0.00000],[-1.92752,-126.93907,0.00000],[-1.94625,-127.27276,0.00000],[-1.96515,-127.60642,0.00000],[-1.98423,-127.94005,0.00000],[-2.00349,-128.27365,0.00000],[-2.02293,-128.60721,0.00000],[-2.04256,-128.94074,0.00000],[-2.06239,-129.27423,0.00000],[-2.08241,-129.60769,0.00000],[-2.10263,-129.94112,0.00000],[-2.12306,-130.27451,0.00000],[-2.14370,-130.60787,0.00000],[-2.16455,-130.94119,0.00000],[-2.18561,-131.27447,0.00000],[-2.20690,-131.60773,0.00000],[-2.22842,-131.94094,0.00000],[-2.25016,-132.27412,0.00000],[-2.27214,-132.60726,0.00000],[-2.29436,-132.94036,0.00000],[-2.31682,-133.27343,0.00000],[-2.33956,-133.60687,0.00000],[-2.35379,-133.81400,0.00000],[1.13783,-134.05608,0.00000],[1.15221,-133.84680,0.00000],[1.17507,-133.51153,0.00000],[1.19771,-133.17586,0.00000],[1.22010,-132.84020,0.00000],[1.24224,-132.50454,0.00000],[1.26415,-132.16890,0.00000],[1.28582,-131.83325,0.00000],[1.30727,-131.49762,0.00000],[1.32848,-131.16200,0.00000],[1.34948,-130.82638,0.00000],[1.37025,-130.49077,0.00000],[1.39082,-130.15517,0.00000],[1.41117,-129.81958,0.00000],[1.43132,-129.48400,0.00000],[1.45127,-129.14843,0.00000],[1.47102,-128.81287,0.00000],[1.49058,-128.47732,0.00000],[1.50995,-128.14178,0.00000],[1.52914,-127.80625,0.00000],[1.54815,-127.47073,0.00000],[1.56698,-127.13522,0.00000],[1.58564,-126.79973,0.00000],[1.60414,-126.46424,0.00000],[1.62247,-126.12877,0.00000],[1.64065,-125.79331,0.00000],[1.65867,-125.45787,0.00000],[1.67654,-125.12243,0.00000],[1.69426,-124.78701,0.00000],[1.71184,-124.45161,0.00000],[1.72929,-124.11621,0.00000],[1.74660,-123.78084,0.00000],[1.76379,-123.44547,0.00000],[1.78085,-123.11012,0.00000],[1.79779,-122.77479,0.00000],[1.81461,-122.43947,0.00000],[1.83132,-122.10416,0.00000],[1.84793,-121.76887,0.00000],[1.86443,-121.43360,0.00000],[1.88083,-121.09834,0.00000],[1.89714,-120.76310,0.00000],[1.91335,-120.42788,0.00000],[1.92948,-120.09267,0.00000],[1.94553,-119.75748,0.00000],[1.96150,-119.42231,0.00000],[1.97739,-119.08715,0.00000],[1.99322,-118.75202,0.00000],[2.00898,-118.41690,0.00000],[2.02468,-118.08180,0.00000],[2.04032,-117.74672,0.00000],[2.05591,-117.41166,0.00000],[2.07145,-117.07661,0.00000],[2.08694,-116.74159,0.00000],[2.10240,-116.40659,0.00000],[2.11782,-116.07160,0.00000],[2.13321,-115.73664,0.00000],[2.14857,-115.40170,0.00000],[2.16391,-115.06678,0.00000],[2.17923,-114.73188,0.00000],[2.19453,-114.39700,0.00000],[2.20982,-114.06215,0.00000],[2.22511,-113.72731,0.00000],[2.24040,-113.39250,0.00000],[2.25568,-113.05771,0.00000],[2.27097,-112.72295,0.00000],[2.28628,-112.38820,0.00000],[2.30159,-112.05348,0.00000],[2.31693,-111.71879,0.00000],[2.33229,-111.38411,0.00000],[2.34768,-111.04946,0.00000],[2.36309,-110.71484,0.00000],[2.37855,-110.38024,0.00000],[2.39404,-110.04567,0.00000],[2.40958,-109.71112,0.00000],[2.42516,-109.37660,0.00000],[2.44080,-109.04210,0.00000],[2.45649,-108.70763,0.00000],[2.47225,-108.37318,0.00000],[2.48807,-108.03876,0.00000],[2.50395,-107.70437,0.00000],[2.51992,-107.37000,0.00000],[2.53595,-107.03567,0.00000]
g
"10017",[-0.93590,-106.36641,0.00000],[-0.94726,-106.68168,0.00000],[-0.95130,-107.00863,0.00000],[-0.94779,-107.33644,0.00000],[-0.93686,-107.66500,0.00000],[-0.91865,-107.99418,0.00000],[-0.89330,-108.32387,0.00000],[-0.86095,-108.65397,0.00000],[-0.82171,-108.98435,0.00000],[-0.77571,-109.31492,0.00000],[-0.72307,-109.64557,0.00000],[-0.66389,-109.97618,0.00000],[-0.59831,-110.30667,0.00000],[-0.52641,-110.63692,0.00000],[-0.44830,-110.96684,0.00000],[-0.36410,-111.29631,0.00000],[-0.27389,-111.62523,0.00000],[-0.17777,-111.95350,0.00000],[-0.07584,-112.28101,0.00000],[0.03182,-112.60766,0.00000],[0.14511,-112.93334,0.00000],[0.26395,-113.25794,0.00000],[0.38826,-113.58136,0.00000],[0.51794,-113.90349,0.00000],[0.65292,-114.22422,0.00000],[0.79311,-114.54343,0.00000],[0.93845,-114.86103,0.00000],[1.08885,-115.17689,0.00000],[1.24424,-115.49090,0.00000],[1.40454,-115.80295,0.00000],[1.56969,-116.11294,0.00000],[1.73960,-116.42073,0.00000],[1.91421,-116.72622,0.00000],[2.09346,-117.02929,0.00000],[2.27727,-117.32982,0.00000],[2.46557,-117.62770,0.00000],[2.65831,-117.92280,0.00000],[2.85542,-118.21501,0.00000],[3.05683,-118.50420,0.00000],[3.26248,-118.79026,0.00000],[3.47232,-119.07306,0.00000],[3.68628,-119.35248,0.00000],[3.90431,-119.62840,0.00000],[4.12634,-119.90069,0.00000],[4.35233,-120.16922,0.00000],[4.58222,-120.43386,0.00000],[4.81595,-120.69450,0.00000],[5.05347,-120.95099,0.00000],[5.29474,-121.20321,0.00000],[5.53970,-121.45103,0.00000],[5.78831,-121.69431,0.00000],[6.04051,-121.93291,0.00000],[6.29627,-122.16670,0.00000],[6.55554,-122.39554,0.00000],[6.81827,-122.61928,0.00000],[7.08442,-122.83778,0.00000],[7.35395,-123.05090,0.00000],[7.62683,-123.25849,0.00000],[7.90301,-123.46039,0.00000],[8.18244,-123.65644,0.00000],[8.46510,-123.84650,0.00000],[8.75095,-124.03039,0.00000],[9.03994,-124.20795,0.00000],[9.33203,-124.37901,0.00000],[9.62719,-124.54340,0.00000],[9.92537,-124.70093,0.00000],[10.22653,-124.85142,0.00000],[10.53061,-124.99468,0.00000],[10.83758,-125.13052,0.00000],[11.14737,-125.25874,0.00000],[11.45993,-125.37913,0.00000],[11.77519,-125.49149,0.00000],[12.09307,-125.59561,0.00000],[12.41351,-125.69125,0.00000],[12.73641,-125.77822,0.00000],[13.06167,-125.85627,0.00000],[13.38920,-125.92519,0.00000],[13.71886,-125.98475,0.00000],[14.05053,-126.03472,0.00000],[14.38408,-126.07488,0.00000],[14.74707,-126.10748,0.00000],[15.32785,-126.12323,0.00000],[15.44314,-122.62507,0.00000],[14.95126,-122.61173,0.00000],[14.74991,-122.59365,0.00000],[14.52052,-122.56603,0.00000],[14.29082,-122.53142,0.00000],[14.06082,-122.48987,0.00000],[13.83054,-122.44141,0.00000],[13.60003,-122.38610,0.00000],[13.36932,-122.32396,0.00000],[13.13848,-122.25506,0.00000],[12.90757,-122.17943,0.00000],[12.67666,-122.09713,0.00000],[12.44584,-122.00822,0.00000],[12.21520,-121.91276,0.00000],[11.98483,-121.81082,0.00000],[11.75483,-121.70246,0.00000],[11.52530,-121.58776,0.00000],[11.29635,-121.46681,0.00000],[11.06809,-121.33969,0.00000],[10.84064,-121.20648,0.00000],[10.61410,-121.06729,0.00000],[10.38858,-120.92221,0.00000],[10.16421,-120.77134,0.00000],[9.94110,-120.61480,0.00000],[9.71935,-120.45270,0.00000],[9.49910,-120.28514,0.00000],[9.28044,-120.11225,0.00000],[9.06350,-119.93415,0.00000],[8.84839,-119.75096,0.00000],[8.63521,-119.56280,0.00000],[8.42409,-119.36981,0.00000],[8.21512,-119.17211,0.00000],[8.00842,-118.96984,0.00000],[7.80409,-118.76313,0.00000],[7.60224,-118.55212,0.00000],[7.40297,-118.33694,0.00000],[7.20639,-118.11773,0.00000],[7.01260,-117.89463,0.00000],[6.82169,-117.66779,0.00000],[6.63378,-117.43735,0.00000],[6.44895,-117.20344,0.00000],[6.26730,-116.96622,0.00000],[6.08894,-116.72584,0.00000],[5.91394,-116.48243,0.00000],[5.74242,-116.23614,0.00000],[5.57445,-115.98713,0.00000],[5.41014,-115.73555,0.00000],[5.24956,-115.48153,0.00000],[5.09281,-115.22524,0.00000],[4.93998,-114.96683,0.00000],[4.79115,-114.70645,0.00000],[4.64640,-114.44425,0.00000],[4.50583,-114.18039,0.00000],[4.36951,-113.91502,0.00000],[4.23752,-113.64830,0.00000],[4.10995,-113.38038,0.00000],[3.98687,-113.11143,0.00000],[3.86836,-112.84160,0.00000],[3.75450,-112.57104,0.00000],[3.64535,-112.29993,0.00000],[3.54100,-112.02842,0.00000],[3.44151,-111.75666,0.00000],[3.34695,-111.48484,0.00000],[3.25739,-111.21310,0.00000],[3.17290,-110.94161,0.00000],[3.09352,-110.67053,0.00000],[3.01934,-110.40004,0.00000],[2.95039,-110.13029,0.00000],[2.88675,-109.86145,0.00000],[2.82846,-109.59368,0.00000],[2.77556,-109.32716,0.00000],[2.72811,-109.06205,0.00000],[2.68616,-108.79851,0.00000],[2.64972,-108.53671,0.00000],[2.61886,-108.27681,0.00000],[2.59358,-108.01898,0.00000],[2.57393,-107.76338,0.00000],[2.55993,-107.51015,0.00000],[2.55159,-107.25947,0.00000],[2.54893,-107.01149,0.00000],[2.55196,-106.76634,0.00000],[2.56107,-106.51350,0.00000]
g
"10018",[-9.75003,-171.60896,0.00000],[-9.52682,-171.58416,0.00000],[-9.29428,-171.55305,0.00000],[-9.06245,-171.51685,0.00000],[-8.83137,-171.47565,0.00000],[-8.60110,-171.42956,0.00000],[-8.37170,-171.37868,0.00000],[-8.14322,-171.32310,0.00000],[-7.91571,-171.26293,0.00000],[-7.68920,-171.19825,0.00000],[-7.46375,-171.12915,0.00000],[-7.23941,-171.05573,0.00000],[-7.01620,-170.97806,0.00000],[-6.79418,-170.89623,0.00000],[-6.57338,-170.81032,0.00000],[-6.35384,-170.72041,0.00000],[-6.13561,-170.62657,0.00000],[-5.91873,-170.52889,0.00000],[-5.70323,-170.42743,0.00000],[-5.48916,-170.32226,0.00000],[-5.27655,-170.21345,0.00000],[-5.06544,-170.10107,0.00000],[-4.85588,-169.98519,0.00000],[-4.64792,-169.86587,0.00000],[-4.44158,-169.74317,0.00000],[-4.23691,-169.61716,0.00000],[-4.03395,-169.48790,0.00000],[-3.83276,-169.35544,0.00000],[-3.63336,-169.21984,0.00000],[-3.43581,-169.08117,0.00000],[-3.24015,-168.93947,0.00000],[-3.04643,-168.79481,0.00000],[-2.85469,-168.64724,0.00000],[-2.66498,-168.49680,0.00000],[-2.47734,-168.34356,0.00000],[-2.29183,-168.18757,0.00000],[-2.10849,-168.02887,0.00000],[-1.92737,-167.86752,0.00000],[-1.74853,-167.70357,0.00000],[-1.57201,-167.53706,0.00000],[-1.39787,-167.36804,0.00000],[-1.22615,-167.19657,0.00000],[-1.05691,-167.02268,0.00000],[-0.89020,-166.84643,0.00000],[-0.72609,-166.66785,0.00000],[-0.56461,-166.48700,0.00000],[-0.40584,-166.30392,0.00000],[-0.24981,-166.11864,0.00000],[-0.09660,-165.93122,0.00000],[0.05373,-165.74169,0.00000],[0.20114,-165.55010,0.00000],[0.34556,-165.35649,0.00000],[0.48692,-165.16090,0.00000],[0.62517,-164.96336,0.00000],[0.76024,-164.76392,0.00000],[0.89207,-164.56261,0.00000],[1.02059,-164.35947,0.00000],[1.14574,-164.15455,0.00000],[1.26744,-163.94787,0.00000],[1.38562,-163.73947,0.00000],[1.50022,-163.52939,0.00000],[1.61116,-163.31767,0.00000],[1.71837,-163.10435,0.00000],[1.82176,-162.88945,0.00000],[1.92127,-162.67301,0.00000],[2.01681,-162.45507,0.00000],[2.10829,-162.23567,0.00000],[2.19563,-162.01484,0.00000],[2.27875,-161.79263,0.00000],[2.35756,-161.56906,0.00000],[2.43196,-161.34419,0.00000],[2.50186,-161.11804,0.00000],[2.56717,-160.89067,0.00000],[2.62778,-160.66211,0.00000],[2.68359,-160.43242,0.00000],[2.73450,-160.20164,0.00000],[2.78041,-159.96983,0.00000],[2.82120,-159.73705,0.00000],[2.85676,-159.50334,0.00000],[2.88699,-159.26878,0.00000],[2.91237,-159.02774,0.00000],[2.94679,-158.56746,0.00000],[-0.54417,-158.31590,0.00000],[-0.57393,-158.71391,0.00000],[-0.58951,-158.86181,0.00000],[-0.60942,-159.01631,0.00000],[-0.63306,-159.17164,0.00000],[-0.66041,-159.32775,0.00000],[-0.69147,-159.48460,0.00000],[-0.72622,-159.64211,0.00000],[-0.76464,-159.80024,0.00000],[-0.80672,-159.95891,0.00000],[-0.85243,-160.11805,0.00000],[-0.90175,-160.27760,0.00000],[-0.95464,-160.43749,0.00000],[-1.01109,-160.59763,0.00000],[-1.07107,-160.75796,0.00000],[-1.13453,-160.91840,0.00000],[-1.20144,-161.07888,0.00000],[-1.27176,-161.23930,0.00000],[-1.34546,-161.39960,0.00000],[-1.42249,-161.55970,0.00000],[-1.50280,-161.71952,0.00000],[-1.58636,-161.87898,0.00000],[-1.67311,-162.03799,0.00000],[-1.76299,-162.19650,0.00000],[-1.85597,-162.35440,0.00000],[-1.95199,-162.51163,0.00000],[-2.05099,-162.66811,0.00000],[-2.15292,-162.82376,0.00000],[-2.25772,-162.97850,0.00000],[-2.36533,-163.13226,0.00000],[-2.47570,-163.28497,0.00000],[-2.58875,-163.43654,0.00000],[-2.70444,-163.58690,0.00000],[-2.82270,-163.73598,0.00000],[-2.94346,-163.88370,0.00000],[-3.06665,-164.03000,0.00000],[-3.19223,-164.17480,0.00000],[-3.32011,-164.31802,0.00000],[-3.45023,-164.45961,0.00000],[-3.58252,-164.59948,0.00000],[-3.71692,-164.73757,0.00000],[-3.85335,-164.87381,0.00000],[-3.99175,-165.00813,0.00000],[-4.13204,-165.14046,0.00000],[-4.27415,-165.27074,0.00000],[-4.41801,-165.39890,0.00000],[-4.56355,-165.52488,0.00000],[-4.71069,-165.64861,0.00000],[-4.85936,-165.77002,0.00000],[-5.00948,-165.88907,0.00000],[-5.16098,-166.00567,0.00000],[-5.31379,-166.11978,0.00000],[-5.46782,-166.23132,0.00000],[-5.62299,-166.34025,0.00000],[-5.77924,-166.44650,0.00000],[-5.93648,-166.55002,0.00000],[-6.09463,-166.65075,0.00000],[-6.25361,-166.74863,0.00000],[-6.41334,-166.84362,0.00000],[-6.57374,-166.93565,0.00000],[-6.73474,-167.02467,0.00000],[-6.89624,-167.11064,0.00000],[-7.05816,-167.19351,0.00000],[-7.22043,-167.27323,0.00000],[-7.38296,-167.34975,0.00000],[-7.54567,-167.42304,0.00000],[-7.70847,-167.49304,0.00000],[-7.87128,-167.55972,0.00000],[-8.03402,-167.62304,0.00000],[-8.19660,-167.68296,0.00000],[-8.35895,-167.73945,0.00000],[-8.52098,-167.79248,0.00000],[-8.68262,-167.84202,0.00000],[-8.84377,-167.88804,0.00000],[-9.00437,-167.93051,0.00000],[-9.16434,-167.96942,0.00000],[-9.32359,-168.00475,0.00000],[-9.48207,-168.03647,0.00000],[-9.63970,-168.06457,0.00000],[-9.79640,-168.08904,0.00000],[-9.95213,-168.10988,0.00000],[-10.11677,-168.12817,0.00000]
g
"10019",[-4.03310,-158.03511,0.00000],[-4.04194,-158.14473,0.00000],[-4.05232,-158.24552,0.00000],[-4.06505,-158.34733,0.00000],[-4.08014,-158.45013,0.00000],[-4.09759,-158.55386,0.00000],[-4.11741,-158.65847,0.00000],[-4.13959,-158.76390,0.00000],[-4.16414,-158.87009,0.00000],[-4.19105,-158.97698,0.00000],[-4.22031,-159.08452,0.00000],[-4.25192,-159.19262,0.00000],[-4.28585,-159.30124,0.00000],[-4.32211,-159.41031,0.00000],[-4.36068,-159.51976,0.00000],[-4.40153,-159.62952,0.00000],[-4.44464,-159.73953,0.00000],[-4.49000,-159.84972,0.00000],[-4.53758,-159.96002,0.00000],[-4.58735,-160.07037,0.00000],[-4.63929,-160.18071,0.00000],[-4.69337,-160.29096,0.00000],[-4.74955,-160.40106,0.00000],[-4.80782,-160.51094,0.00000],[-4.86812,-160.62054,0.00000],[-4.93044,-160.72980,0.00000],[-4.99473,-160.83864,0.00000],[-5.06096,-160.94701,0.00000],[-5.12908,-161.05485,0.00000],[-5.19907,-161.16209,0.00000],[-5.27087,-161.26866,0.00000],[-5.34446,-161.37451,0.00000],[-5.41978,-161.47958,0.00000],[-5.49680,-161.58380,0.00000],[-5.57547,-161.68712,0.00000],[-5.65575,-161.78948,0.00000],[-5.73758,-161.89082,0.00000],[-5.82094,-161.99107,0.00000],[-5.90576,-162.09020,0.00000],[-5.99200,-162.18813,0.00000],[-6.07962,-162.28481,0.00000],[-6.16856,-162.38018,0.00000],[-6.25878,-162.47421,0.00000],[-6.35022,-162.56681,0.00000],[-6.44283,-162.65796,0.00000],[-6.53656,-162.74759,0.00000],[-6.63136,-162.83565,0.00000],[-6.72717,-162.92209,0.00000],[-6.82395,-163.00686,0.00000],[-6.92163,-163.08992,0.00000],[-7.02017,-163.17121,0.00000],[-7.11950,-163.25069,0.00000],[-7.21956,-163.32831,0.00000],[-7.32031,-163.40402,0.00000],[-7.42169,-163.47779,0.00000],[-7.52363,-163.54957,0.00000],[-7.62607,-163.61932,0.00000],[-7.72897,-163.68699,0.00000],[-7.83225,-163.75256,0.00000],[-7.93586,-163.81598,0.00000],[-8.03973,-163.87722,0.00000],[-8.14382,-163.93624,0.00000],[-8.24804,-163.99301,0.00000],[-8.35235,-164.04750,0.00000],[-8.45669,-164.09968,0.00000],[-8.56098,-164.14953,0.00000],[-8.66518,-164.19701,0.00000],[-8.76922,-164.24212,0.00000],[-8.87304,-164.28483,0.00000],[-8.97658,-164.32511,0.00000],[-9.07979,-164.36297,0.00000],[-9.18261,-164.39838,0.00000],[-9.28499,-164.43133,0.00000],[-9.38687,-164.46181,0.00000],[-9.48821,-164.48983,0.00000],[-9.58895,-164.51538,0.00000],[-9.68905,-164.53845,0.00000],[-9.78848,-164.55906,0.00000],[-9.88719,-164.57720,0.00000],[-9.98516,-164.59287,0.00000],[-10.07713,-164.60539,0.00000],[-10.32211,-164.63129,0.00000],[-9.96456,-168.11300,0.00000],[-9.65704,-168.08048,0.00000],[-9.47259,-168.05538,0.00000],[-9.29431,-168.02685,0.00000],[-9.11703,-167.99427,0.00000],[-8.94079,-167.95775,0.00000],[-8.76563,-167.91738,0.00000],[-8.59159,-167.87325,0.00000],[-8.41871,-167.82545,0.00000],[-8.24702,-167.77407,0.00000],[-8.07654,-167.71920,0.00000],[-7.90729,-167.66092,0.00000],[-7.73932,-167.59931,0.00000],[-7.57262,-167.53445,0.00000],[-7.40724,-167.46642,0.00000],[-7.24318,-167.39529,0.00000],[-7.08047,-167.32113,0.00000],[-6.91911,-167.24401,0.00000],[-6.75914,-167.16401,0.00000],[-6.60057,-167.08117,0.00000],[-6.44341,-166.99557,0.00000],[-6.28768,-166.90726,0.00000],[-6.13340,-166.81631,0.00000],[-5.98059,-166.72278,0.00000],[-5.82926,-166.62671,0.00000],[-5.67943,-166.52816,0.00000],[-5.53112,-166.42719,0.00000],[-5.38435,-166.32384,0.00000],[-5.23913,-166.21817,0.00000],[-5.09550,-166.11022,0.00000],[-4.95346,-166.00004,0.00000],[-4.81304,-165.88769,0.00000],[-4.67425,-165.77319,0.00000],[-4.53713,-165.65660,0.00000],[-4.40170,-165.53797,0.00000],[-4.26797,-165.41732,0.00000],[-4.13598,-165.29471,0.00000],[-4.00574,-165.17018,0.00000],[-3.87729,-165.04376,0.00000],[-3.75064,-164.91549,0.00000],[-3.62583,-164.78542,0.00000],[-3.50288,-164.65357,0.00000],[-3.38183,-164.51999,0.00000],[-3.26270,-164.38472,0.00000],[-3.14551,-164.24778,0.00000],[-3.03031,-164.10921,0.00000],[-2.91712,-163.96906,0.00000],[-2.80597,-163.82734,0.00000],[-2.69691,-163.68409,0.00000],[-2.58995,-163.53935,0.00000],[-2.48514,-163.39315,0.00000],[-2.38250,-163.24552,0.00000],[-2.28209,-163.09648,0.00000],[-2.18393,-162.94608,0.00000],[-2.08806,-162.79433,0.00000],[-1.99452,-162.64126,0.00000],[-1.90335,-162.48691,0.00000],[-1.81460,-162.33131,0.00000],[-1.72830,-162.17447,0.00000],[-1.64450,-162.01642,0.00000],[-1.56325,-161.85720,0.00000],[-1.48458,-161.69683,0.00000],[-1.40856,-161.53533,0.00000],[-1.33522,-161.37272,0.00000],[-1.26462,-161.20904,0.00000],[-1.19681,-161.04431,0.00000],[-1.13184,-160.87855,0.00000],[-1.06978,-160.71178,0.00000],[-1.01068,-160.54404,0.00000],[-0.95459,-160.37534,0.00000],[-0.90159,-160.20571,0.00000],[-0.85173,-160.03519,0.00000],[-0.80509,-159.86378,0.00000],[-0.76173,-159.69153,0.00000],[-0.72172,-159.51846,0.00000],[-0.68514,-159.34460,0.00000],[-0.65206,-159.16999,0.00000],[-0.62256,-158.99465,0.00000],[-0.59673,-158.81863,0.00000],[-0.57464,-158.64197,0.00000],[-0.55638,-158.46471,0.00000],[-0.54284,-158.29681,0.00000]
g
"10020",[117.75796,-135.46715,0.00000],[117.68550,-133.83554,0.00000],[117.42184,-132.07255,0.00000],[116.97376,-130.28676,0.00000],[116.33812,-128.53345,0.00000],[115.50348,-126.87018,0.00000],[114.44558,-125.35849,0.00000],[113.12360,-124.07649,0.00000],[111.49732,-123.14834,0.00000],[109.74202,-122.78241,0.00000],[109.31403,-126.26844,0.00000],[110.24224,-126.46194,0.00000],[111.00455,-126.89701,0.00000],[111.76938,-127.63871,0.00000],[112.48966,-128.66795,0.00000],[113.11773,-129.91955,0.00000],[113.62246,-131.31177,0.00000],[113.98556,-132.75891,0.00000],[114.19704,-134.17294,0.00000],[114.25682,-135.51918,0.00000]
g
"10021",[122.91128,-165.56810,0.00000],[123.22352,-165.66866,0.00000],[123.59222,-165.99645,0.00000],[124.18566,-166.74344,0.00000],[124.96759,-167.72767,0.00000],[126.11364,-168.74657,0.00000],[127.59493,-169.22365,0.00000],[128.20049,-165.74163,0.00000],[127.88825,-165.64107,0.00000],[127.51955,-165.31328,0.00000],[126.92611,-164.56629,0.00000],[126.14419,-163.58206,0.00000],[124.99813,-162.56316,0.00000],[123.51684,-162.08608,0.00000]
g
"10022",[143.47544,-169.74468,0.00000],[144.98481,-169.36572,0.00000],[146.19519,-168.42414,0.00000],[147.03995,-167.49328,0.00000],[147.68107,-166.78680,0.00000],[148.07047,-166.48388,0.00000],[148.38863,-166.40400,0.00000],[148.01261,-162.88978,0.00000],[146.50323,-163.26873,0.00000],[145.29286,-164.21032,0.00000],[144.44810,-165.14118,0.00000],[143.80697,-165.84766,0.00000],[143.41758,-166.15058,0.00000],[143.09942,-166.23046,0.00000]
g
"10023",[184.48013,-167.58814,0.00000],[184.79237,-167.68871,0.00000],[185.16107,-168.01650,0.00000],[185.75451,-168.76348,0.00000],[186.53644,-169.74772,0.00000],[187.68249,-170.76661,0.00000],[189.16378,-171.24369,0.00000],[189.76934,-167.76168,0.00000],[189.45710,-167.66112,0.00000],[189.08840,-167.33332,0.00000],[188.49496,-166.58634,0.00000],[187.71304,-165.60211,0.00000],[186.56699,-164.58321,0.00000],[185.08569,-164.10613,0.00000]
g
"10024",[205.04429,-171.76473,0.00000],[206.55367,-171.38577,0.00000],[207.76404,-170.44418,0.00000],[208.60880,-169.51332,0.00000],[209.24992,-168.80684,0.00000],[209.63932,-168.50392,0.00000],[209.95748,-168.42404,0.00000],[209.58146,-164.90982,0.00000],[208.07208,-165.28878,0.00000],[206.86171,-166.23036,0.00000],[206.01695,-167.16123,0.00000],[205.37583,-167.86771,0.00000],[204.98643,-168.17063,0.00000],[204.66827,-168.25051,0.00000]
g
"10025",[143.26941,-166.23604,0.00000],[143.58165,-166.33660,0.00000],[143.95035,-166.66439,0.00000],[144.54379,-167.41138,0.00000],[145.32571,-168.39561,0.00000],[146.47176,-169.41451,0.00000],[147.95306,-169.89159,0.00000],[148.55862,-166.40957,0.00000],[148.24638,-166.30901,0.00000],[147.87768,-165.98122,0.00000],[147.28424,-165.23423,0.00000],[146.50231,-164.25000,0.00000],[145.35626,-163.23110,0.00000],[143.87497,-162.75402,0.00000]
g
"10026",[224.77995,-124.91485,0.00000],[224.68653,-125.30996,0.00000],[224.51719,-125.55477,0.00000],[224.11687,-125.87255,0.00000],[223.46128,-126.20037,0.00000],[222.60782,-126.48221,0.00000],[221.63246,-126.69373,0.00000],[220.60925,-126.82942,0.00000],[219.61257,-126.89264,0.00000],[218.54112,-126.88777,0.00000],[218.47294,-130.38750,0.00000],[219.71552,-130.39315,0.00000],[220.95049,-130.31481,0.00000],[222.23440,-130.14454,0.00000],[223.53002,-129.86358,0.00000],[224.79971,-129.44428,0.00000],[226.00783,-128.84017,0.00000],[227.10013,-127.97309,0.00000],[227.94065,-126.75797,0.00000],[228.26271,-125.39595,0.00000]
g
"10027",[218.33807,-133.89628,0.00000],[220.40280,-133.83728,0.00000],[222.26201,-133.54105,0.00000],[224.12271,-133.02813,0.00000],[225.93576,-132.30364,0.00000],[227.64286,-131.36521,0.00000],[229.18075,-130.19917,0.00000],[230.47133,-128.77821,0.00000],[231.39885,-127.07492,0.00000],[231.77167,-125.25870,0.00000],[228.28669,-124.82998,0.00000],[228.07533,-125.85966,0.00000],[227.59825,-126.73576,0.00000],[226.80782,-127.60605,0.00000],[225.73234,-128.42149,0.00000],[224.43776,-129.13315,0.00000],[223.00483,-129.70574,0.00000],[221.51931,-130.11524,0.00000],[220.07610,-130.34519,0.00000],[218.35156,-130.39447,0.00000]
g
"10028",[232.61315,-142.88351,0.00000],[232.41984,-140.48765,0.00000],[231.74751,-138.02139,0.00000],[230.67847,-135.64575,0.00000],[229.27022,-133.41631,0.00000],[227.57008,-131.39360,0.00000],[225.61764,-129.64419,0.00000],[223.44551,-128.24336,0.00000],[221.07036,-127.27666,0.00000],[218.39069,-126.88260,0.00000],[218.07488,-130.37380,0.00000],[220.14269,-130.67788,0.00000],[221.82331,-131.36190,0.00000],[223.48814,-132.43557,0.00000],[225.05009,-133.83510,0.00000],[226.43804,-135.48638,0.00000],[227.58782,-137.30665,0.00000],[228.44301,-139.20707,0.00000],[228.95738,-141.09387,0.00000],[229.10946,-142.97872,0.00000]
g
"10029",[218.32089,-133.89566,0.00000],[219.83071,-134.11101,0.00000],[220.88457,-134.57829,0.00000],[221.96138,-135.34340,0.00000],[222.97975,-136.35753,0.00000],[223.88598,-137.56351,0.00000],[224.63421,-138.89408,0.00000],[225.18653,-140.27598,0.00000],[225.51407,-141.63067,0.00000],[225.60843,-142.97222,0.00000],[229.11165,-142.89505,0.00000],[228.98489,-141.09287,0.00000],[228.52960,-139.20978,0.00000],[227.79835,-137.38024,0.00000],[226.82319,-135.64609,0.00000],[225.62716,-134.05446,0.00000],[224.22533,-132.65847,0.00000],[222.62495,-131.52134,0.00000],[220.80556,-130.71464,0.00000],[218.63233,-130.40466,0.00000]
g
"10030",[13.13566,-119.03287,0.00000],[10.91107,-119.17128,0.00000],[8.60367,-119.73102,0.00000],[6.36505,-120.64558,0.00000],[4.24804,-121.86913,0.00000],[2.31019,-123.36514,0.00000],[0.61465,-125.10457,0.00000],[-0.76683,-127.06541,0.00000],[-1.74945,-129.23495,0.00000],[-2.19809,-131.56821,0.00000],[1.27890,-132.02133,0.00000],[1.60947,-130.30210,0.00000],[2.28492,-128.81078,0.00000],[3.31540,-127.34812,0.00000],[4.64427,-125.98486,0.00000],[6.20181,-124.78245,0.00000],[7.90974,-123.79533,0.00000],[9.68412,-123.07043,0.00000],[11.43635,-122.64536,0.00000],[13.17656,-122.53710,0.00000]
g
"10031",[163.83356,-170.41262,0.00000],[165.34294,-170.03366,0.00000],[166.55332,-169.09208,0.00000],[167.39807,-168.16122,0.00000],[168.03920,-167.45474,0.00000],[168.42859,-167.15182,0.00000],[168.74675,-167.07194,0.00000],[168.37074,-163.55772,0.00000],[166.86136,-163.93667,0.00000],[165.65098,-164.87826,0.00000],[164.80623,-165.80912,0.00000],[164.16510,-166.51560,0.00000],[163.77571,-166.81852,0.00000],[163.45755,-166.89840,0.00000]
g
"10032",[163.61373,-166.90353,0.00000],[163.92597,-167.00409,0.00000],[164.29467,-167.33188,0.00000],[164.88811,-168.07887,0.00000],[165.67003,-169.06310,0.00000],[166.81608,-170.08200,0.00000],[168.29738,-170.55908,0.00000],[168.90294,-167.07706,0.00000],[168.59070,-166.97650,0.00000],[168.22200,-166.64871,0.00000],[167.62856,-165.90172,0.00000],[166.84663,-164.91749,0.00000],[165.70058,-163.89859,0.00000],[164.21929,-163.42151,0.00000]
g
"10033",[184.17788,-171.08011,0.00000],[185.68726,-170.70115,0.00000],[186.89764,-169.75957,0.00000],[187.74239,-168.82870,0.00000],[188.38352,-168.12223,0.00000],[188.77291,-167.81931,0.00000],[189.09107,-167.73943,0.00000],[188.71506,-164.22521,0.00000],[187.20568,-164.60416,0.00000],[185.99530,-165.54575,0.00000],[185.15055,-166.47661,0.00000],[184.50942,-167.18309,0.00000],[184.12003,-167.48601,0.00000],[183.80187,-167.56589,0.00000]
g
"10034",[148.22561,-159.39488,0.00000],[147.91338,-159.29432,0.00000],[147.54467,-158.96653,0.00000],[146.95123,-158.21954,0.00000],[146.16931,-157.23531,0.00000],[145.02326,-156.21641,0.00000],[143.54197,-155.73933,0.00000],[142.93641,-159.22135,0.00000],[143.24865,-159.32191,0.00000],[143.61735,-159.64970,0.00000],[144.21079,-160.39669,0.00000],[144.99271,-161.38092,0.00000],[146.13876,-162.39982,0.00000],[147.62005,-162.87690,0.00000]
g
"10035",[127.66146,-155.21830,0.00000],[126.15208,-155.59726,0.00000],[124.94171,-156.53884,0.00000],[124.09695,-157.46970,0.00000],[123.45583,-158.17618,0.00000],[123.06643,-158.47910,0.00000],[122.74827,-158.55898,0.00000],[123.12429,-162.07320,0.00000],[124.63367,-161.69425,0.00000],[125.84404,-160.75266,0.00000],[126.68880,-159.82180,0.00000],[127.32992,-159.11532,0.00000],[127.71932,-158.81240,0.00000],[128.03748,-158.73252,0.00000]
g
"10036",[168.94588,-160.07470,0.00000],[168.63365,-159.97414,0.00000],[168.26494,-159.64635,0.00000],[167.67150,-158.89936,0.00000],[166.88958,-157.91513,0.00000],[165.74353,-156.89623,0.00000],[164.26224,-156.41915,0.00000],[163.65668,-159.90117,0.00000],[163.96892,-160.00173,0.00000],[164.33762,-160.32953,0.00000],[164.93106,-161.07651,0.00000],[165.71298,-162.06074,0.00000],[166.85903,-163.07964,0.00000],[168.34032,-163.55672,0.00000]
g
"10037",[148.38173,-155.89812,0.00000],[146.87235,-156.27708,0.00000],[145.66198,-157.21866,0.00000],[144.81722,-158.14953,0.00000],[144.17610,-158.85600,0.00000],[143.78670,-159.15893,0.00000],[143.46854,-159.23880,0.00000],[143.84456,-162.75303,0.00000],[145.35394,-162.37407,0.00000],[146.56431,-161.43248,0.00000],[147.40907,-160.50162,0.00000],[148.05019,-159.79514,0.00000],[148.43959,-159.49222,0.00000],[148.75775,-159.41234,0.00000]
g
"10038",[189.03803,-160.73392,0.00000],[188.72579,-160.63336,0.00000],[188.35709,-160.30556,0.00000],[187.76365,-159.55858,0.00000],[186.98173,-158.57434,0.00000],[185.83568,-157.55545,0.00000],[184.35439,-157.07837,0.00000],[183.74883,-160.56038,0.00000],[184.06106,-160.66095,0.00000],[184.42977,-160.98874,0.00000],[185.02321,-161.73572,0.00000],[185.80513,-162.71996,0.00000],[186.95118,-163.73885,0.00000],[188.43247,-164.21593,0.00000]
g
"10039",[168.47388,-156.55734,0.00000],[166.96450,-156.93629,0.00000],[165.75413,-157.87788,0.00000],[164.90937,-158.80874,0.00000],[164.26824,-159.51522,0.00000],[163.87885,-159.81814,0.00000],[163.56069,-159.89802,0.00000],[163.93671,-163.41224,0.00000],[165.44608,-163.03328,0.00000],[166.65646,-162.09170,0.00000],[167.50121,-161.16083,0.00000],[168.14234,-160.45436,0.00000],[168.53173,-160.15144,0.00000],[168.84989,-160.07156,0.00000]
g
"10040",[210.33915,-161.43280,0.00000],[210.02691,-161.33224,0.00000],[209.65821,-161.00444,0.00000],[209.06477,-160.25746,0.00000],[208.28285,-159.27322,0.00000],[207.13680,-158.25433,0.00000],[205.65551,-157.77725,0.00000],[205.04995,-161.25926,0.00000],[205.36219,-161.35982,0.00000],[205.73089,-161.68762,0.00000],[206.32433,-162.43460,0.00000],[207.10625,-163.41884,0.00000],[208.25230,-164.43773,0.00000],[209.73359,-164.91481,0.00000]
g
"10041",[48.09381,-288.87871,0.00000],[48.24556,-288.08490,0.00000],[48.60738,-287.44548,0.00000],[49.25716,-286.78210,0.00000],[50.18338,-286.14691,0.00000],[51.32297,-285.59171,0.00000],[52.59542,-285.14938,0.00000],[53.91647,-284.83878,0.00000],[55.19937,-284.66979,0.00000],[56.41426,-284.64252,0.00000],[56.44488,-281.14095,0.00000],[54.93077,-281.17493,0.00000],[53.28581,-281.39162,0.00000],[51.61766,-281.78383,0.00000],[49.97715,-282.35410,0.00000],[48.41755,-283.11393,0.00000],[46.99589,-284.08888,0.00000],[45.78668,-285.32340,0.00000],[44.91591,-286.86228,0.00000],[44.59904,-288.51984,0.00000]
g
"10042",[32.06401,-282.31086,0.00000],[33.42803,-282.47298,0.00000],[34.82683,-282.82764,0.00000],[36.24481,-283.36868,0.00000],[37.59858,-284.07201,0.00000],[38.80951,-284.90583,0.00000],[39.80493,-285.82884,0.00000],[40.52633,-286.78940,0.00000],[40.94646,-287.73789,0.00000],[41.09403,-288.80947,0.00000],[44.59782,-288.59710,0.00000],[44.34642,-286.77158,0.00000],[43.56474,-285.00684,0.00000],[42.41497,-283.47590,0.00000],[41.00333,-282.16695,0.00000],[39.40478,-281.06622,0.00000],[37.68017,-280.17023,0.00000],[35.88434,-279.48502,0.00000],[34.06737,-279.02434,0.00000],[32.34714,-278.81987,0.00000]
g
"10043",[48.09505,-288.80030,0.00000],[47.78841,-286.42014,0.00000],[46.83856,-284.10239,0.00000],[45.40989,-282.02218,0.00000],[43.61869,-280.18849,0.00000],[41.55679,-278.60966,0.00000],[39.30390,-277.30231,0.00000],[36.93347,-276.29123,0.00000],[34.52040,-275.61091,0.00000],[32.38455,-275.31818,0.00000],[32.07006,-278.80780,0.00000],[33.80448,-279.04551,0.00000],[35.76722,-279.59886,0.00000],[37.73306,-280.43737,0.00000],[39.60659,-281.52458,0.00000],[41.29093,-282.81430,0.00000],[42.69549,-284.25219,0.00000],[43.74177,-285.77562,0.00000],[44.37575,-287.32262,0.00000],[44.59151,-288.99732,0.00000]
g
"10044",[31.35324,-282.27988,0.00000],[57.04834,-284.66785,0.00000],[57.28029,-281.17433,0.00000],[31.59151,-278.78694,0.00000]
g
"10045",[56.86905,-277.65515,0.00000],[31.92893,-275.29833,0.00000],[31.68795,-278.79115,0.00000],[56.63421,-281.14855,0.00000]
g
"10046",[57.16133,-277.66685,0.00000],[54.96588,-277.75582,0.00000],[52.62781,-278.17849,0.00000],[50.29450,-278.90114,0.00000],[48.03858,-279.90452,0.00000],[45.93748,-281.17826,0.00000],[44.07437,-282.72271,0.00000],[42.54667,-284.55062,0.00000],[41.48582,-286.67540,0.00000],[41.09226,-288.92173,0.00000],[44.58747,-289.25338,0.00000],[44.84522,-287.78216,0.00000],[45.49502,-286.48068,0.00000],[46.55458,-285.21291,0.00000],[47.97253,-284.03748,0.00000],[49.66346,-283.01239,0.00000],[51.52772,-282.18322,0.00000],[53.45993,-281.58480,0.00000],[55.34989,-281.24313,0.00000],[57.16216,-281.16969,0.00000]
g
"10047",[179.86860,-295.09766,0.00000],[180.03937,-294.05092,0.00000],[180.42499,-293.05162,0.00000],[181.03145,-292.04095,0.00000],[181.82619,-291.07847,0.00000],[182.76448,-290.21886,0.00000],[183.79390,-289.51007,0.00000],[184.85602,-288.99191,0.00000],[185.88842,-288.69184,0.00000],[186.94869,-288.60915,0.00000],[186.88098,-285.10381,0.00000],[185.25732,-285.23043,0.00000],[183.59104,-285.71473,0.00000],[182.02434,-286.47907,0.00000],[180.57940,-287.47395,0.00000],[179.28236,-288.66224,0.00000],[178.16541,-290.01493,0.00000],[177.26843,-291.50975,0.00000],[176.64345,-293.12932,0.00000],[176.38103,-294.73787,0.00000]
g
"10048",[187.15057,-281.61169,0.00000],[184.99688,-281.57107,0.00000],[182.83921,-281.60412,0.00000],[180.69840,-281.68912,0.00000],[178.57453,-281.80443,0.00000],[176.46765,-281.92892,0.00000],[174.37790,-282.04200,0.00000],[172.30550,-282.12352,0.00000],[170.24889,-282.15390,0.00000],[168.37835,-282.12099,0.00000],[168.27752,-285.61976,0.00000],[170.24395,-285.65436,0.00000],[172.40015,-285.62250,0.00000],[174.54125,-285.53828,0.00000],[176.66543,-285.42334,0.00000],[178.77263,-285.29882,0.00000],[180.86270,-285.18535,0.00000],[182.93546,-285.10306,0.00000],[184.99069,-285.07157,0.00000],[187.04896,-285.11039,0.00000]
g
"10049",[168.33942,-289.12501,0.00000],[169.08215,-289.25436,0.00000],[169.75869,-289.54637,0.00000],[170.46064,-290.02728,0.00000],[171.13895,-290.67508,0.00000],[171.74795,-291.45049,0.00000],[172.24955,-292.30490,0.00000],[172.61372,-293.18367,0.00000],[172.82055,-294.02765,0.00000],[172.87187,-294.86962,0.00000],[176.37655,-294.83984,0.00000],[176.29491,-293.50041,0.00000],[175.94947,-292.09083,0.00000],[175.39032,-290.74153,0.00000],[174.64654,-289.47461,0.00000],[173.73707,-288.31663,0.00000],[172.67280,-287.30022,0.00000],[171.45706,-286.46732,0.00000],[170.08976,-285.87715,0.00000],[168.71149,-285.63712,0.00000]
g
"10050",[168.63943,-289.13705,0.00000],[170.65379,-289.17353,0.00000],[172.67223,-289.13565,0.00000],[174.67243,-289.04540,0.00000],[176.65439,-288.92457,0.00000],[178.61811,-288.79436,0.00000],[180.56351,-288.67540,0.00000],[182.49040,-288.58776,0.00000],[184.40065,-288.55086,0.00000],[186.12490,-288.57684,0.00000],[186.21987,-285.07787,0.00000],[184.39322,-285.05035,0.00000],[182.37708,-285.08929,0.00000],[180.37717,-285.18026,0.00000],[178.39551,-285.30143,0.00000],[176.43211,-285.43162,0.00000],[174.48705,-285.55021,0.00000],[172.56050,-285.63713,0.00000],[170.65264,-285.67293,0.00000],[168.74132,-285.63832,0.00000]
g
"10051",[188.18020,-281.65208,0.00000],[185.93570,-281.79716,0.00000],[183.60924,-282.37803,0.00000],[181.35642,-283.32328,0.00000],[179.23096,-284.58375,0.00000],[177.29161,-286.12019,0.00000],[175.60312,-287.90116,0.00000],[174.23927,-289.90264,0.00000],[173.29057,-292.10397,0.00000],[172.89485,-294.34630,0.00000],[176.38142,-294.72884,0.00000],[176.66636,-293.11428,0.00000],[177.32063,-291.59613,0.00000],[178.33684,-290.10481,0.00000],[179.66023,-288.70895,0.00000],[181.21933,-287.47376,0.00000],[182.93365,-286.45710,0.00000],[184.71668,-285.70897,0.00000],[186.47689,-285.26948,0.00000],[188.22462,-285.15651,0.00000]
g
"10052",[179.86328,-295.21873,0.00000],[179.71159,-293.18969,0.00000],[179.11042,-291.11581,0.00000],[178.15082,-289.15376,0.00000],[176.89533,-287.33820,0.00000],[175.39372,-285.70772,0.00000],[173.68745,-284.30708,0.00000],[171.81113,-283.18883,0.00000],[169.78280,-282.41338,0.00000],[167.53887,-282.08737,0.00000],[167.21635,-285.57726,0.00000],[168.89547,-285.82121,0.00000],[170.27894,-286.35012,0.00000],[171.66988,-287.17909,0.00000],[172.98446,-288.25820,0.00000],[174.15543,-289.52967,0.00000],[175.12237,-290.92795,0.00000],[175.83318,-292.38131,0.00000],[176.24850,-293.81408,0.00000],[176.35754,-295.27262,0.00000]
g
"10053",[189.77500,-157.25621,0.00000],[188.26562,-157.63517,0.00000],[187.05525,-158.57676,0.00000],[186.21049,-159.50762,0.00000],[185.56936,-160.21410,0.00000],[185.17997,-160.51702,0.00000],[184.86181,-160.59690,0.00000],[185.23783,-164.11112,0.00000],[186.74720,-163.73216,0.00000],[187.95758,-162.79058,0.00000],[188.80234,-161.85971,0.00000],[189.44346,-161.15324,0.00000],[189.83286,-160.85031,0.00000],[190.15102,-160.77044,0.00000]
g
"10054",[123.75720,-141.21159,0.00000],[124.06944,-141.31216,0.00000],[124.43814,-141.63995,0.00000],[125.03158,-142.38693,0.00000],[125.81350,-143.37117,0.00000],[126.95956,-144.39007,0.00000],[128.44085,-144.86715,0.00000],[129.04641,-141.38513,0.00000],[128.73417,-141.28457,0.00000],[128.36547,-140.95677,0.00000],[127.77203,-140.20979,0.00000],[126.99010,-139.22556,0.00000],[125.84405,-138.20666,0.00000],[124.36276,-137.72958,0.00000]
g
"10055",[144.32135,-145.38818,0.00000],[145.83073,-145.00922,0.00000],[147.04111,-144.06764,0.00000],[147.88586,-143.13677,0.00000],[148.52699,-142.43029,0.00000],[148.91638,-142.12737,0.00000],[149.23454,-142.04749,0.00000],[148.85853,-138.53327,0.00000],[147.34915,-138.91223,0.00000],[146.13878,-139.85382,0.00000],[145.29402,-140.78468,0.00000],[144.65289,-141.49116,0.00000],[144.26350,-141.79408,0.00000],[143.94534,-141.87396,0.00000]
g
"10056",[187.35998,-143.29837,0.00000],[187.67222,-143.39893,0.00000],[188.04092,-143.72673,0.00000],[188.63436,-144.47371,0.00000],[189.41628,-145.45794,0.00000],[190.56233,-146.47684,0.00000],[192.04363,-146.95392,0.00000],[192.64919,-143.47191,0.00000],[192.33695,-143.37134,0.00000],[191.96825,-143.04355,0.00000],[191.37481,-142.29657,0.00000],[190.59288,-141.31233,0.00000],[189.44683,-140.29344,0.00000],[187.96554,-139.81636,0.00000]
g
"10057",[207.92413,-147.47495,0.00000],[209.43351,-147.09600,0.00000],[210.64389,-146.15441,0.00000],[211.48864,-145.22355,0.00000],[212.12977,-144.51707,0.00000],[212.51916,-144.21415,0.00000],[212.83732,-144.13427,0.00000],[212.46131,-140.62005,0.00000],[210.95193,-140.99901,0.00000],[209.74155,-141.94059,0.00000],[208.89680,-142.87146,0.00000],[208.25567,-143.57793,0.00000],[207.86628,-143.88085,0.00000],[207.54812,-143.96073,0.00000]
g
"10058",[144.50639,-141.89236,0.00000],[144.81863,-141.99293,0.00000],[145.18733,-142.32072,0.00000],[145.78077,-143.06770,0.00000],[146.56270,-144.05194,0.00000],[147.70875,-145.07084,0.00000],[149.19004,-145.54792,0.00000],[149.79560,-142.06590,0.00000],[149.48336,-141.96534,0.00000],[149.11466,-141.63754,0.00000],[148.52122,-140.89056,0.00000],[147.73930,-139.90633,0.00000],[146.59325,-138.88743,0.00000],[145.11195,-138.41035,0.00000]
g
"10059",[165.07055,-146.06895,0.00000],[166.57993,-145.68999,0.00000],[167.79030,-144.74841,0.00000],[168.63506,-143.81754,0.00000],[169.27618,-143.11107,0.00000],[169.66558,-142.80814,0.00000],[169.98374,-142.72826,0.00000],[169.60772,-139.21404,0.00000],[168.09834,-139.59300,0.00000],[166.88797,-140.53459,0.00000],[166.04321,-141.46545,0.00000],[165.40208,-142.17193,0.00000],[165.01269,-142.47485,0.00000],[164.69453,-142.55473,0.00000]
g
"10060",[90.66609,-279.00869,0.00000],[90.35459,-278.90587,0.00000],[89.98827,-278.57542,0.00000],[89.40024,-277.82416,0.00000],[88.62545,-276.83430,0.00000],[87.48680,-275.80715,0.00000],[86.00900,-275.31937,0.00000],[85.37828,-278.79691,0.00000],[85.68978,-278.89973,0.00000],[86.05610,-279.23018,0.00000],[86.64413,-279.98144,0.00000],[87.41891,-280.97130,0.00000],[88.55757,-281.99846,0.00000],[90.03537,-282.48623,0.00000]
g
"10061",[70.13267,-274.68354,0.00000],[68.62059,-275.05157,0.00000],[67.40344,-275.98438,0.00000],[66.55198,-276.90911,0.00000],[65.90576,-277.61094,0.00000],[65.51419,-277.91103,0.00000],[65.19546,-277.98861,0.00000],[65.54606,-281.50546,0.00000],[67.05813,-281.13742,0.00000],[68.27528,-280.20462,0.00000],[69.12675,-279.27988,0.00000],[69.77297,-278.57806,0.00000],[70.16454,-278.27796,0.00000],[70.48327,-278.20038,0.00000]
g
"10062",[165.33629,-142.57578,0.00000],[165.64853,-142.67635,0.00000],[166.01723,-143.00414,0.00000],[166.61067,-143.75112,0.00000],[167.39259,-144.73536,0.00000],[168.53864,-145.75426,0.00000],[170.01994,-146.23134,0.00000],[170.62550,-142.74932,0.00000],[170.31326,-142.64876,0.00000],[169.94456,-142.32096,0.00000],[169.35112,-141.57398,0.00000],[168.56919,-140.58975,0.00000],[167.42314,-139.57085,0.00000],[165.94185,-139.09377,0.00000]
g
"10063",[185.90044,-146.75237,0.00000],[187.40982,-146.37341,0.00000],[188.62020,-145.43183,0.00000],[189.46495,-144.50096,0.00000],[190.10608,-143.79448,0.00000],[190.49547,-143.49156,0.00000],[190.81363,-143.41168,0.00000],[190.43762,-139.89746,0.00000],[188.92824,-140.27642,0.00000],[187.71786,-141.21801,0.00000],[186.87311,-142.14887,0.00000],[186.23198,-142.85535,0.00000],[185.84259,-143.15827,0.00000],[185.52443,-143.23815,0.00000]
g
"10064",[119.64373,-134.01747,0.00000],[119.63595,-134.73440,0.00000],[119.64927,-135.55413,0.00000],[119.70182,-136.43781,0.00000],[119.81527,-137.35652,0.00000],[120.02039,-138.29096,0.00000],[120.37105,-139.23197,0.00000],[120.96952,-140.15556,0.00000],[121.94150,-140.91695,0.00000],[123.05332,-141.18850,0.00000],[123.53101,-137.70229,0.00000],[123.50542,-137.69604,0.00000],[123.58854,-137.76115,0.00000],[123.51684,-137.65049,0.00000],[123.38615,-137.29979,0.00000],[123.26888,-136.76555,0.00000],[123.18906,-136.11912,0.00000],[123.14758,-135.42174,0.00000],[123.13626,-134.72495,0.00000],[123.14336,-134.07044,0.00000]
g
"10065",[73.32753,-285.31821,0.00000],[73.63926,-285.42171,0.00000],[74.00677,-285.75323,0.00000],[74.59479,-286.50448,0.00000],[75.36958,-287.49435,0.00000],[76.50823,-288.52150,0.00000],[77.98604,-289.00928,0.00000],[78.61676,-285.53173,0.00000],[78.30525,-285.42892,0.00000],[77.93893,-285.09847,0.00000],[77.35091,-284.34721,0.00000],[76.57612,-283.35735,0.00000],[75.43865,-282.33126,0.00000],[73.96120,-281.84074,0.00000]
g
"10066",[95.86076,-289.72515,0.00000],[97.37284,-289.35711,0.00000],[98.58999,-288.42430,0.00000],[99.44145,-287.49957,0.00000],[100.08767,-286.79775,0.00000],[100.48248,-286.49517,0.00000],[100.80221,-286.41584,0.00000],[100.44349,-282.89872,0.00000],[98.93206,-283.27373,0.00000],[97.71815,-284.20407,0.00000],[96.86668,-285.12880,0.00000],[96.22046,-285.83062,0.00000],[95.82889,-286.13072,0.00000],[95.51016,-286.20830,0.00000]
g
"10067",[128.13091,-123.77502,0.00000],[126.87501,-123.86569,0.00000],[125.56345,-124.20967,0.00000],[124.31800,-124.75383,0.00000],[123.15555,-125.46932,0.00000],[122.09831,-126.33768,0.00000],[121.17484,-127.34854,0.00000],[120.42306,-128.49907,0.00000],[119.89813,-129.78988,0.00000],[119.70075,-131.08054,0.00000],[123.19559,-131.38037,0.00000],[123.29559,-130.72649,0.00000],[123.53790,-130.13063,0.00000],[123.94989,-129.50012,0.00000],[124.51338,-128.88331,0.00000],[125.19297,-128.32513,0.00000],[125.94388,-127.86294,0.00000],[126.71499,-127.52603,0.00000],[127.44985,-127.33330,0.00000],[128.19690,-127.27936,0.00000]
g
"10072",[124.86817,-287.37996,0.00000],[125.18048,-287.48448,0.00000],[125.54961,-287.81747,0.00000],[126.13763,-288.56873,0.00000],[126.91242,-289.55859,0.00000],[128.05108,-290.58574,0.00000],[129.52888,-291.07352,0.00000],[130.15960,-287.59597,0.00000],[129.84809,-287.49316,0.00000],[129.48177,-287.16271,0.00000],[128.89375,-286.41145,0.00000],[128.11896,-285.42159,0.00000],[126.98312,-284.39697,0.00000],[125.50644,-283.90276,0.00000]
g
"10073",[145.40521,-291.70935,0.00000],[146.91728,-291.34132,0.00000],[148.13443,-290.40851,0.00000],[148.98590,-289.48378,0.00000],[149.63212,-288.78195,0.00000],[150.02497,-288.48087,0.00000],[150.34399,-288.40263,0.00000],[149.99039,-284.88561,0.00000],[148.47846,-285.25645,0.00000],[147.26259,-286.18827,0.00000],[146.41113,-287.11301,0.00000],[145.76491,-287.81483,0.00000],[145.37333,-288.11493,0.00000],[145.05461,-288.19251,0.00000]
g
"10074",[144.75696,-281.17497,0.00000],[144.44546,-281.07216,0.00000],[144.07914,-280.74171,0.00000],[143.49111,-279.99045,0.00000],[142.71633,-279.00059,0.00000],[141.57767,-277.97343,0.00000],[140.09987,-277.48566,0.00000],[139.46915,-280.96320,0.00000],[139.78065,-281.06602,0.00000],[140.14698,-281.39647,0.00000],[140.73500,-282.14772,0.00000],[141.50979,-283.13759,0.00000],[142.64844,-284.16474,0.00000],[144.12625,-284.65252,0.00000]
g
"10075",[124.22354,-276.84982,0.00000],[122.71146,-277.21786,0.00000],[121.49432,-278.15067,0.00000],[120.64285,-279.07540,0.00000],[119.99663,-279.77722,0.00000],[119.60506,-280.07732,0.00000],[119.28633,-280.15490,0.00000],[119.63693,-283.67175,0.00000],[121.14901,-283.30371,0.00000],[122.36616,-282.37090,0.00000],[123.21762,-281.44617,0.00000],[123.86384,-280.74435,0.00000],[124.25541,-280.44425,0.00000],[124.57414,-280.36667,0.00000]
EndLinks
PedestrianAreas
"1:Platform edge bahnhof 1",[86.83741,-275.35255,0.00000],[86.91744,-273.35415,0.00000],[69.84941,-272.67059,0.00000],[69.76938,-274.66899,0.00000]
g
"4:Bahnhof bus waiting area 1",[67.75482,-273.68653,0.00000],[82.80527,-273.88649,0.00000],[82.93180,-270.30452,0.00000],[68.04876,-270.23063,0.00000]
g
"10:Rießnerstraße",[3.01216,-15.33961,0.00000],[13.54880,-15.33961,0.00000],[13.54880,-8.55753,0.00000],[3.01216,-8.55753,0.00000]
g
"15:Platform edge bahnhof 2",[79.43941,-288.81729,0.00000],[79.33937,-291.31528,0.00000],[94.32735,-291.91554,0.00000],[94.42740,-289.41754,0.00000]
g
"17:Bahnhof bus waiting area 2 ",[68.01724,-293.39600,0.00000],[83.01724,-293.39600,0.00000],[83.01724,-290.89600,0.00000],[68.01724,-290.89600,0.00000]
g
"18:Platform edge bahnhof 3",[129.98305,-290.84151,0.00000],[129.88301,-293.33951,0.00000],[144.87100,-293.93976,0.00000],[144.97104,-291.44176,0.00000]
g
"19:Bahnhof bus waiting area 3",[119.13357,-295.37295,0.00000],[134.13357,-295.37295,0.00000],[134.13357,-292.87295,0.00000],[119.13357,-292.87295,0.00000]
g
"20",[78.03071,-296.85316,0.00000],[131.80475,-296.85316,0.00000],[131.80475,-290.54355,0.00000],[119.71779,-290.22699,0.00000],[104.16857,-290.38802,0.00000],[84.06082,-289.88034,0.00000],[78.03071,-290.74983,0.00000]
g
"21",[47.68258,-327.15708,0.00000],[78.50256,-327.15708,0.00000],[78.32277,-289.30147,0.00000],[55.38199,-284.72125,0.00000],[52.55305,-285.04164,0.00000],[49.02967,-287.13771,0.00000],[48.17700,-290.37651,0.00000]
g
"22",[69.39032,-326.98853,0.00000],[102.52819,-326.98853,0.00000],[102.52819,-293.64366,0.00000],[69.39032,-293.64366,0.00000]
g
"23",[127.50462,-303.35094,0.00000],[148.74752,-303.35094,0.00000],[148.74752,-290.77041,0.00000],[127.50462,-290.77041,0.00000]
g
"24",[117.49764,-309.07215,0.00000],[130.57705,-309.07215,0.00000],[130.57705,-296.70568,0.00000],[117.49764,-296.70568,0.00000]
g
"25:Carl August Allee",[101.17735,-344.34265,0.00000],[114.25246,-344.34265,0.00000],[114.25246,-331.86005,0.00000],[101.17735,-331.86005,0.00000]
g
"26",[97.21958,-332.82640,0.00000],[121.41678,-332.82640,0.00000],[121.41678,-296.53713,0.00000],[97.21958,-296.53713,0.00000]
g
"28:Platform edge bahnhof 4",[139.64569,-277.71767,0.00000],[139.74574,-275.21967,0.00000],[124.75775,-274.61942,0.00000],[124.65771,-277.11741,0.00000]
g
"29:82: Pedestrian area gray",[113.85114,-275.70465,0.00000],[128.85114,-275.70465,0.00000],[128.85114,-273.20465,0.00000],[113.85114,-273.20465,0.00000]
g
"31",[82.54028,-274.61956,0.00000],[111.84406,-274.61956,0.00000],[111.84406,-270.47833,0.00000],[82.54028,-270.47833,0.00000]
g
"32",[109.93379,-276.46238,0.00000],[124.04799,-276.46238,0.00000],[124.04799,-271.29792,0.00000],[109.93379,-271.29792,0.00000]
g
"33:Bahnhof direct entry to tracks",[147.42090,-260.28164,0.00000],[155.37972,-260.28164,0.00000],[155.37972,-225.14226,0.00000],[147.42090,-225.14226,0.00000]
g
"35",[126.13932,-276.96522,0.00000],[155.16792,-276.96522,0.00000],[155.16792,-272.45762,0.00000],[126.13932,-272.45762,0.00000]
g
"36",[148.51942,-277.04778,0.00000],[155.49445,-277.04778,0.00000],[155.49445,-259.94042,0.00000],[148.51942,-259.94042,0.00000]
g
"37",[147.37809,-317.76068,0.00000],[170.96021,-317.76068,0.00000],[170.96021,-290.51947,0.00000],[147.37809,-290.51947,0.00000]
g
"38",[118.56555,-332.43832,0.00000],[170.81975,-332.43832,0.00000],[170.81975,-302.77349,0.00000],[118.56555,-302.77349,0.00000]
g
"41",[113.16753,-119.34818,0.00000],[133.56501,-119.34818,0.00000],[133.56501,-14.53600,0.00000],[113.16753,-14.53600,0.00000]
g
"47",[8.07299,-168.36897,0.00000],[103.65966,-172.24060,0.00000],[105.89915,-130.73934,0.00000],[95.12605,-131.02321,0.00000],[10.55834,-127.57064,0.00000]
g
"58",[42.68515,-267.97219,0.00000],[58.39418,-268.01645,0.00000],[56.43192,-170.49025,0.00000],[43.82743,-170.17115,0.00000],[43.16042,-253.71426,0.00000]
g
"76",[9.10768,-116.06989,0.00000],[14.50309,-119.18339,0.00000],[16.19868,-12.13438,0.00000],[12.09558,-12.13438,0.00000],[10.45841,-69.43554,0.00000]
g
"77",[12.91620,-119.33987,0.00000],[98.88631,-121.46222,0.00000],[222.82684,-126.33788,0.00000],[223.55767,-97.70009,0.00000],[12.91620,-90.07419,0.00000]
g
"78",[7.05484,-174.87148,0.00000],[129.44555,-178.77511,0.00000],[129.56554,-175.17545,0.00000],[129.67895,-171.77311,0.00000],[90.34977,-169.98448,0.00000],[23.84474,-167.09687,0.00000],[7.92752,-166.66831,0.00000]
g
"82",[123.55933,-177.97483,0.00000],[209.70194,-181.27061,0.00000],[208.52952,-173.78942,0.00000],[161.97302,-171.79364,0.00000],[129.56955,-171.06265,0.00000]
g
"86",[128.74974,-151.18290,0.00000],[205.14349,-153.37546,0.00000],[205.48444,-151.51124,0.00000],[129.55077,-148.90276,0.00000]
g
"87",[119.89071,-154.06324,0.00000],[130.25245,-154.06324,0.00000],[130.25245,-145.93127,0.00000],[119.89071,-145.93127,0.00000]
g
"94",[89.89730,-272.42730,0.00000],[98.97316,-272.42730,0.00000],[98.97316,-171.00608,0.00000],[89.89730,-171.00608,0.00000]
g
"96:Platform edge PT stop 18 (right)",[112.57706,-207.45505,0.00000],[112.32838,-212.66047,0.00000],[147.28851,-214.33064,0.00000],[147.53719,-209.12523,0.00000]
g
"97",[117.52799,-226.70611,0.00000],[155.28084,-227.93137,0.00000],[154.50907,-213.21381,0.00000],[117.50606,-211.84106,0.00000]
g
"98",[95.64887,-226.40728,0.00000],[119.06881,-226.40728,0.00000],[119.06881,-217.58630,0.00000],[95.64887,-217.58630,0.00000]
g
"101",[12.98375,-132.42826,0.00000],[70.70347,-133.75552,0.00000],[69.10338,-129.97030,0.00000],[34.61075,-127.83560,0.00000],[12.98375,-127.83560,0.00000]
g
"102",[12.65161,-19.14788,0.00000],[114.66760,-22.72237,0.00000],[116.09740,-15.85935,0.00000],[113.88121,-14.78700,0.00000],[11.50778,-12.21337,0.00000]
g
"107:To tunnel",[42.81856,-271.64020,0.00000],[65.72190,-273.94129,0.00000],[64.63670,-251.45590,0.00000],[43.67747,-250.92002,0.00000]
g
"138",[148.15693,-276.05630,0.00000],[155.13196,-276.05630,0.00000],[155.13196,-258.94894,0.00000],[148.15693,-258.94894,0.00000]
g
"139:Rießnerstraße",[115.40723,-18.50498,0.00000],[132.78949,-18.50498,0.00000],[132.78949,-11.72289,0.00000],[115.40723,-11.72289,0.00000]
g
"140:Platform edge PT stop 20 (right)",[128.04741,-168.98836,0.00000],[127.96543,-171.48702,0.00000],[142.95737,-171.97889,0.00000],[143.03935,-169.48024,0.00000]
g
"141:Platform edge PT stop 22 (right)",[148.40554,-169.65630,0.00000],[148.32356,-172.15496,0.00000],[163.31549,-172.64683,0.00000],[163.39747,-170.14818,0.00000]
g
"142:Platform edge PT stop 23 (right)",[168.74986,-170.32379,0.00000],[168.66788,-172.82244,0.00000],[183.65981,-173.31432,0.00000],[183.74179,-170.81567,0.00000]
g
"143:Platform edge PT stop 21 (right)",[189.61627,-171.00841,0.00000],[189.53429,-173.50706,0.00000],[204.52622,-173.99894,0.00000],[204.60820,-171.50028,0.00000]
g
"144:Platform edge PT stop 24 (right)",[143.08948,-155.97462,0.00000],[143.17146,-153.47596,0.00000],[128.17953,-152.98409,0.00000],[128.09755,-155.48274,0.00000]
g
"145:Platform edge PT stop 25 (right)",[163.80975,-156.65444,0.00000],[163.89173,-154.15579,0.00000],[148.89980,-153.66391,0.00000],[148.81782,-156.16256,0.00000]
g
"146:Platform edge PT stop 26 (right)",[183.90190,-157.31366,0.00000],[183.98388,-154.81500,0.00000],[168.99195,-154.32312,0.00000],[168.90997,-156.82178,0.00000]
g
"147:Platform edge PT stop 27 (right)",[205.20302,-158.01254,0.00000],[205.28500,-155.51388,0.00000],[190.29307,-155.02200,0.00000],[190.21109,-157.52066,0.00000]
g
"148:Platform edge PT stop 28 (right)",[128.89333,-144.63186,0.00000],[128.81135,-147.13051,0.00000],[143.80329,-147.62239,0.00000],[143.88527,-145.12373,0.00000]
g
"149:Platform edge PT stop 30 (right)",[149.64253,-145.31263,0.00000],[149.56055,-147.81128,0.00000],[164.55248,-148.30316,0.00000],[164.63446,-145.80451,0.00000]
g
"150:Platform edge PT stop 31 (right)",[170.47242,-145.99605,0.00000],[170.39044,-148.49470,0.00000],[185.38237,-148.98658,0.00000],[185.46435,-146.48793,0.00000]
g
"151:Platform edge PT stop 29 (right)",[192.49611,-146.71863,0.00000],[192.41413,-149.21729,0.00000],[207.40606,-149.70917,0.00000],[207.48804,-147.21051,0.00000]
g
"152",[128.03328,-173.66997,0.00000],[143.03328,-173.66997,0.00000],[143.03328,-171.16997,0.00000],[128.03328,-171.16997,0.00000]
g
"153",[147.89574,-174.59113,0.00000],[162.89574,-174.59113,0.00000],[162.89574,-172.09113,0.00000],[147.89574,-172.09113,0.00000]
g
"154",[168.56422,-175.10928,0.00000],[183.56422,-175.10928,0.00000],[183.56422,-172.60928,0.00000],[168.56422,-172.60928,0.00000]
g
"155",[189.40541,-175.68500,0.00000],[204.40541,-175.68500,0.00000],[204.40541,-173.18500,0.00000],[189.40541,-173.18500,0.00000]
g
"156",[168.73694,-155.01653,0.00000],[183.73694,-155.01653,0.00000],[183.73694,-152.51653,0.00000],[168.73694,-152.51653,0.00000]
g
"157",[190.15385,-155.64982,0.00000],[205.15385,-155.64982,0.00000],[205.15385,-153.14982,0.00000],[190.15385,-153.14982,0.00000]
g
"158",[148.75933,-154.44081,0.00000],[163.75933,-154.44081,0.00000],[163.75933,-151.94081,0.00000],[148.75933,-151.94081,0.00000]
g
"159",[128.14843,-153.57722,0.00000],[143.14843,-153.57722,0.00000],[143.14843,-151.07722,0.00000],[128.14843,-151.07722,0.00000]
g
"160",[128.78172,-149.08658,0.00000],[143.78172,-149.08658,0.00000],[143.78172,-146.58658,0.00000],[128.78172,-146.58658,0.00000]
g
"161",[148.87447,-150.18045,0.00000],[163.87447,-150.18045,0.00000],[163.87447,-147.68045,0.00000],[148.87447,-147.68045,0.00000]
g
"162",[170.23382,-150.75617,0.00000],[185.23382,-150.75617,0.00000],[185.23382,-148.25617,0.00000],[170.23382,-148.25617,0.00000]
g
"163",[192.16888,-151.38947,0.00000],[207.16888,-151.38947,0.00000],[207.16888,-148.88947,0.00000],[192.16888,-148.88947,0.00000]
g
"1",[111.20162,-290.35343,0.00000],[111.15883,-273.35795,0.00000],[107.65885,-273.36676,0.00000],[107.70163,-290.36224,0.00000]
g
"7",[153.57387,-292.88023,0.00000],[153.61368,-276.69941,0.00000],[150.11369,-276.69080,0.00000],[150.07388,-292.87162,0.00000]
g
"9",[69.78934,-289.22585,0.00000],[67.83018,-272.56669,0.00000],[64.35414,-272.97548,0.00000],[66.31330,-289.63464,0.00000]
g
"12",[97.35432,-153.00618,0.00000],[121.57070,-153.18161,0.00000],[121.62141,-146.18179,0.00000],[97.40503,-146.00636,0.00000]
g
"13",[80.82002,-135.94034,0.00000],[80.98847,-118.37157,0.00000],[73.98879,-118.30446,0.00000],[73.82034,-135.87322,0.00000]
g
"48",[160.56727,-120.07151,0.00000],[160.28200,-141.28223,0.00000],[167.28137,-141.37636,0.00000],[167.56664,-120.16565,0.00000]
g
"60",[161.63737,-155.73844,0.00000],[161.50464,-170.47697,0.00000],[165.00450,-170.50849,0.00000],[165.13723,-155.76996,0.00000]
g
"119",[38.68863,-133.78716,0.00000],[38.85708,-116.21840,0.00000],[31.85740,-116.15129,0.00000],[31.68895,-133.72005,0.00000]
g
EndPedestrianAreas
