[0.00000,0.00000,0.0]
Links
"1",[-302.85451,2.70962,0.00000],[4.00780,-6.67733,0.00000],[4.11481,-3.17897,0.00000],[-302.74749,6.20798,0.00000]
g
"2",[4.22183,0.31940,0.00000],[-302.64048,9.70635,0.00000],[-302.74749,6.20798,0.00000],[4.11481,-3.17897,0.00000]
g
"3",[130.13571,-292.07479,0.00000],[145.52337,-292.69105,0.00000],[145.66343,-289.19385,0.00000],[130.27576,-288.57759,0.00000]
g
"4",[140.21803,-278.46735,0.00000],[124.83037,-277.85109,0.00000],[124.69031,-281.34829,0.00000],[140.07797,-281.96455,0.00000]
g
"5",[309.42598,-14.48288,0.00000],[21.84499,0.25756,0.00000],[21.66582,-3.23785,0.00000],[309.24682,-17.97829,0.00000]
g
"6",[21.48666,-6.73326,0.00000],[309.06765,-21.47370,0.00000],[309.24682,-17.97829,0.00000],[21.66582,-3.23785,0.00000]
g
"15",[3.28637,18.80807,0.00000],[4.12471,6.19201,0.00000],[7.61701,6.42407,0.00000],[6.77867,19.04013,0.00000]
g
"16",[11.10930,6.65614,0.00000],[10.27097,19.27220,0.00000],[6.77867,19.04013,0.00000],[7.61701,6.42407,0.00000]
g
"25",[-209.78922,-272.74687,0.00000],[32.53780,-283.30719,0.00000],[32.69019,-279.81051,0.00000],[-209.63683,-269.25019,0.00000]
g
"26",[32.84257,-276.31383,0.00000],[-209.48445,-265.75351,0.00000],[-209.63683,-269.25019,0.00000],[32.69019,-279.81051,0.00000]
g
"29",[56.54211,-285.62463,0.00000],[169.04760,-290.13037,0.00000],[169.18766,-286.63317,0.00000],[56.68216,-282.12743,0.00000]
g
"30",[169.32772,-283.13597,0.00000],[56.82222,-278.63024,0.00000],[56.68216,-282.12743,0.00000],[169.18766,-286.63317,0.00000]
g
"31",[186.45894,-289.56721,0.00000],[382.69603,-297.26451,0.00000],[382.83321,-293.76720,0.00000],[186.59612,-286.06990,0.00000]
g
"32",[382.83321,-293.76720,0.00000],[186.59612,-286.06990,0.00000],[186.45894,-289.56721,0.00000],[382.69603,-297.26451,0.00000]
g
"33",[186.45894,-289.56721,0.00000],[382.69603,-297.26451,0.00000],[382.83321,-293.76720,0.00000],[186.59612,-286.06990,0.00000]
g
"34",[382.97039,-290.26989,0.00000],[186.73330,-282.57259,0.00000],[186.59612,-286.06990,0.00000],[382.83321,-293.76720,0.00000]
g
"35",[178.51341,-335.20555,0.00000],[180.25290,-295.59262,0.00000],[176.75627,-295.43908,0.00000],[175.01678,-335.05201,0.00000]
g
"36",[173.25964,-295.28554,0.00000],[171.52015,-334.89847,0.00000],[175.01678,-335.05201,0.00000],[176.75627,-295.43908,0.00000]
g
"37",[47.84853,-328.39778,0.00000],[48.46158,-289.53581,0.00000],[44.96202,-289.48060,0.00000],[44.34897,-328.34257,0.00000]
g
"38",[41.46245,-289.42539,0.00000],[40.84940,-328.28737,0.00000],[44.34897,-328.34257,0.00000],[44.96202,-289.48060,0.00000]
g
"43",[87.39974,-276.35203,0.00000],[69.93204,-275.65247,0.00000],[69.79198,-279.14966,0.00000],[87.25969,-279.84923,0.00000]
g
"48",[78.59286,-290.01055,0.00000],[95.97893,-290.70684,0.00000],[96.11898,-287.20965,0.00000],[78.73292,-286.51335,0.00000]
g
"49",[64.71663,-273.96697,0.00000],[66.67579,-290.62613,0.00000],[70.15184,-290.21734,0.00000],[68.19268,-273.55818,0.00000]
g
"52",[70.15184,-290.21734,0.00000],[68.19268,-273.55818,0.00000],[64.71663,-273.96697,0.00000],[66.67579,-290.62613,0.00000]
g
"10000",[3.08529,-6.64911,0.00000],[23.88363,-6.85612,0.00000],[23.99068,-3.35701,0.00000],[3.15623,-3.14964,0.00000]
g
"10001",[21.91629,0.25391,0.00000],[2.97406,0.35757,0.00000],[2.91097,-3.14214,0.00000],[21.81708,-3.24560,0.00000]
g
"10002",[125.23428,-288.37569,0.00000],[125.54578,-288.47850,0.00000],[125.91211,-288.80896,0.00000],[126.50013,-289.56021,0.00000],[127.27492,-290.55007,0.00000],[128.41357,-291.57723,0.00000],[129.89137,-292.06500,0.00000],[130.52209,-288.58746,0.00000],[130.21059,-288.48464,0.00000],[129.84427,-288.15419,0.00000],[129.25624,-287.40294,0.00000],[128.48146,-286.41307,0.00000],[127.34280,-285.38592,0.00000],[125.86500,-284.89814,0.00000]
g
"10003",[145.76770,-292.70084,0.00000],[147.27978,-292.33280,0.00000],[148.49693,-291.39999,0.00000],[149.34839,-290.47526,0.00000],[149.99461,-289.77344,0.00000],[150.38618,-289.47334,0.00000],[150.70491,-289.39576,0.00000],[150.35431,-285.87891,0.00000],[148.84224,-286.24695,0.00000],[147.62509,-287.17976,0.00000],[146.77362,-288.10449,0.00000],[146.12740,-288.80631,0.00000],[145.73583,-289.10641,0.00000],[145.41710,-289.18399,0.00000]
g
"10004",[145.11946,-282.16646,0.00000],[144.80795,-282.06364,0.00000],[144.44163,-281.73319,0.00000],[143.85361,-280.98193,0.00000],[143.07882,-279.99207,0.00000],[141.94017,-278.96492,0.00000],[140.46236,-278.47714,0.00000],[139.83164,-281.95469,0.00000],[140.14315,-282.05750,0.00000],[140.50947,-282.38795,0.00000],[141.09749,-283.13921,0.00000],[141.87228,-284.12907,0.00000],[143.01094,-285.15623,0.00000],[144.48874,-285.64400,0.00000]
g
"10005",[124.58604,-277.84131,0.00000],[123.07396,-278.20934,0.00000],[121.85681,-279.14215,0.00000],[121.00535,-280.06688,0.00000],[120.35913,-280.76871,0.00000],[119.96755,-281.06881,0.00000],[119.64882,-281.14638,0.00000],[119.99942,-284.66323,0.00000],[121.51150,-284.29520,0.00000],[122.72865,-283.36239,0.00000],[123.58012,-282.43765,0.00000],[124.22633,-281.73583,0.00000],[124.61791,-281.43573,0.00000],[124.93664,-281.35815,0.00000]
g
"10016",[4.10227,6.52963,0.00000],[4.15257,5.55523,0.00000],[4.16993,4.48933,0.00000],[4.13555,3.39485,0.00000],[4.03363,2.35064,0.00000],[3.85772,1.44584,0.00000],[3.62682,0.78306,0.00000],[3.41909,0.45340,0.00000],[3.34894,0.39981,0.00000],[3.10737,0.35349,0.00000],[3.38678,-3.15670,0.00000],[4.81813,-2.88225,0.00000],[6.04441,-1.94547,0.00000],[6.80071,-0.74521,0.00000],[7.24548,0.53145,0.00000],[7.50096,1.84554,0.00000],[7.63020,3.16965,0.00000],[7.67082,4.46286,0.00000],[7.65110,5.67398,0.00000],[7.59629,6.73588,0.00000]
g
"10017",[3.34760,-6.65714,0.00000],[5.25004,-6.34557,0.00000],[6.97337,-5.32091,0.00000],[8.29965,-3.87047,0.00000],[9.30284,-2.16552,0.00000],[10.05233,-0.29885,0.00000],[10.58755,1.65655,0.00000],[10.92925,3.62838,0.00000],[11.08813,5.54447,0.00000],[11.06765,7.28291,0.00000],[7.56902,7.14616,0.00000],[7.58643,5.66874,0.00000],[7.45408,4.07268,0.00000],[7.16753,2.41910,0.00000],[6.72952,0.81887,0.00000],[6.15288,-0.61730,0.00000],[5.46913,-1.77935,0.00000],[4.73971,-2.57706,0.00000],[4.03067,-2.99864,0.00000],[3.11613,-3.14842,0.00000]
g
"10028",[4.10738,6.45282,0.00000],[4.70588,3.77755,0.00000],[6.07652,1.31010,0.00000],[7.99459,-0.78848,0.00000],[10.30641,-2.54540,0.00000],[12.89421,-3.99030,0.00000],[15.65493,-5.14080,0.00000],[18.48993,-6.00417,0.00000],[21.30287,-6.58071,0.00000],[23.94971,-6.85951,0.00000],[24.22280,-3.36891,0.00000],[21.83882,-3.11780,0.00000],[19.35302,-2.60831,0.00000],[16.84086,-1.84326,0.00000],[14.42553,-0.83670,0.00000],[12.22790,0.39035,0.00000],[10.36444,1.80653,0.00000],[8.93688,3.36844,0.00000],[8.01106,5.03512,0.00000],[7.58180,6.95387,0.00000]
g
"10034",[22.73640,0.21187,0.00000],[21.03772,0.39085,0.00000],[19.27376,0.75253,0.00000],[17.49006,1.29596,0.00000],[15.77988,2.00894,0.00000],[14.23419,2.87228,0.00000],[12.93952,3.85650,0.00000],[11.96768,4.92006,0.00000],[11.35466,6.02387,0.00000],[11.06539,7.31704,0.00000],[7.59096,6.81604,0.00000],[8.04942,4.76649,0.00000],[9.10712,2.86203,0.00000],[10.56930,1.26182,0.00000],[12.31226,-0.06318,0.00000],[14.24811,-1.14445,0.00000],[16.30372,-2.00143,0.00000],[18.41035,-2.64325,0.00000],[20.50158,-3.07204,0.00000],[22.46325,-3.27872,0.00000]
g
"10041",[48.45631,-289.87020,0.00000],[48.60806,-289.07638,0.00000],[48.96987,-288.43696,0.00000],[49.61966,-287.77358,0.00000],[50.54588,-287.13839,0.00000],[51.68546,-286.58319,0.00000],[52.95792,-286.14086,0.00000],[54.27896,-285.83026,0.00000],[55.56186,-285.66127,0.00000],[56.77666,-285.63403,0.00000],[56.80748,-282.13245,0.00000],[55.29328,-282.16642,0.00000],[53.64831,-282.38310,0.00000],[51.98016,-282.77531,0.00000],[50.33965,-283.34558,0.00000],[48.78004,-284.10542,0.00000],[47.35839,-285.08037,0.00000],[46.14917,-286.31488,0.00000],[45.27840,-287.85376,0.00000],[44.96153,-289.51132,0.00000]
g
"10042",[32.42650,-283.30234,0.00000],[33.79052,-283.46447,0.00000],[35.18932,-283.81912,0.00000],[36.60731,-284.36016,0.00000],[37.96108,-285.06349,0.00000],[39.17200,-285.89731,0.00000],[40.16742,-286.82032,0.00000],[40.88883,-287.78088,0.00000],[41.30896,-288.72937,0.00000],[41.45653,-289.80096,0.00000],[44.96031,-289.58858,0.00000],[44.70892,-287.76306,0.00000],[43.92724,-285.99832,0.00000],[42.77746,-284.46738,0.00000],[41.36582,-283.15844,0.00000],[39.76728,-282.05770,0.00000],[38.04267,-281.16171,0.00000],[36.24683,-280.47650,0.00000],[34.42986,-280.01582,0.00000],[32.70964,-279.81136,0.00000]
g
"10043",[48.45754,-289.79178,0.00000],[48.15090,-287.41162,0.00000],[47.20106,-285.09388,0.00000],[45.77239,-283.01367,0.00000],[43.98119,-281.17997,0.00000],[41.91929,-279.60114,0.00000],[39.66640,-278.29379,0.00000],[37.29597,-277.28271,0.00000],[34.88289,-276.60239,0.00000],[32.74704,-276.30967,0.00000],[32.43255,-279.79928,0.00000],[34.16697,-280.03699,0.00000],[36.12971,-280.59035,0.00000],[38.09556,-281.42886,0.00000],[39.96908,-282.51606,0.00000],[41.65342,-283.80579,0.00000],[43.05798,-285.24367,0.00000],[44.10426,-286.76710,0.00000],[44.73825,-288.31410,0.00000],[44.95400,-289.98881,0.00000]
g
"10044",[31.71573,-283.27137,0.00000],[57.41074,-285.65942,0.00000],[57.64287,-282.16591,0.00000],[31.95401,-279.77843,0.00000]
g
"10045",[56.90043,-278.63337,0.00000],[32.49942,-276.29887,0.00000],[32.25641,-279.79161,0.00000],[56.66355,-282.12669,0.00000]
g
"10046",[57.52383,-278.65834,0.00000],[55.32837,-278.74730,0.00000],[52.99031,-279.16998,0.00000],[50.65700,-279.89262,0.00000],[48.40107,-280.89601,0.00000],[46.29998,-282.16975,0.00000],[44.43687,-283.71419,0.00000],[42.90917,-285.54210,0.00000],[41.84831,-287.66688,0.00000],[41.45476,-289.91321,0.00000],[44.94996,-290.24487,0.00000],[45.20772,-288.77365,0.00000],[45.85752,-287.47216,0.00000],[46.91708,-286.20439,0.00000],[48.33503,-285.02897,0.00000],[50.02596,-284.00388,0.00000],[51.89021,-283.17470,0.00000],[53.82242,-282.57628,0.00000],[55.71238,-282.23461,0.00000],[57.52465,-282.16118,0.00000]
g
"10047",[180.23109,-296.08914,0.00000],[180.40186,-295.04240,0.00000],[180.78749,-294.04310,0.00000],[181.39395,-293.03243,0.00000],[182.18869,-292.06996,0.00000],[183.12697,-291.21035,0.00000],[184.15640,-290.50156,0.00000],[185.21851,-289.98339,0.00000],[186.25091,-289.68332,0.00000],[187.31118,-289.60064,0.00000],[187.24348,-286.09529,0.00000],[185.61981,-286.22191,0.00000],[183.95354,-286.70622,0.00000],[182.38684,-287.47055,0.00000],[180.94189,-288.46544,0.00000],[179.64485,-289.65372,0.00000],[178.52791,-291.00641,0.00000],[177.63093,-292.50124,0.00000],[177.00594,-294.12080,0.00000],[176.74352,-295.72935,0.00000]
g
"10048",[187.51306,-282.60317,0.00000],[185.35938,-282.56255,0.00000],[183.20170,-282.59561,0.00000],[181.06090,-282.68060,0.00000],[178.93702,-282.79591,0.00000],[176.83014,-282.92041,0.00000],[174.74040,-283.03348,0.00000],[172.66800,-283.11500,0.00000],[170.61139,-283.14538,0.00000],[168.74085,-283.11247,0.00000],[168.64002,-286.61124,0.00000],[170.60645,-286.64584,0.00000],[172.76265,-286.61399,0.00000],[174.90374,-286.52976,0.00000],[177.02792,-286.41483,0.00000],[179.13512,-286.29031,0.00000],[181.22520,-286.17684,0.00000],[183.29795,-286.09454,0.00000],[185.35318,-286.06306,0.00000],[187.41146,-286.10188,0.00000]
g
"10049",[168.70201,-290.11653,0.00000],[169.44466,-290.24585,0.00000],[170.12118,-290.53785,0.00000],[170.82314,-291.01876,0.00000],[171.50145,-291.66657,0.00000],[172.11044,-292.44197,0.00000],[172.61205,-293.29639,0.00000],[172.97621,-294.17515,0.00000],[173.18304,-295.01914,0.00000],[173.23436,-295.86110,0.00000],[176.73904,-295.83132,0.00000],[176.65740,-294.49190,0.00000],[176.31196,-293.08231,0.00000],[175.75281,-291.73302,0.00000],[175.00903,-290.46609,0.00000],[174.09956,-289.30811,0.00000],[173.03530,-288.29171,0.00000],[171.81956,-287.45881,0.00000],[170.45224,-286.86863,0.00000],[169.07388,-286.62861,0.00000]
g
"10050",[169.00201,-290.12854,0.00000],[171.01629,-290.16501,0.00000],[173.03473,-290.12714,0.00000],[175.03493,-290.03689,0.00000],[177.01689,-289.91605,0.00000],[178.98061,-289.78584,0.00000],[180.92600,-289.66688,0.00000],[182.85290,-289.57924,0.00000],[184.76314,-289.54235,0.00000],[186.48740,-289.56832,0.00000],[186.58236,-286.06936,0.00000],[184.75571,-286.04184,0.00000],[182.73957,-286.08077,0.00000],[180.73966,-286.17174,0.00000],[178.75801,-286.29292,0.00000],[176.79461,-286.42311,0.00000],[174.84954,-286.54169,0.00000],[172.92300,-286.62862,0.00000],[171.01513,-286.66442,0.00000],[169.10373,-286.62981,0.00000]
g
"10051",[188.54270,-282.64356,0.00000],[186.29819,-282.78865,0.00000],[183.97173,-283.36951,0.00000],[181.71891,-284.31476,0.00000],[179.59346,-285.57524,0.00000],[177.65411,-287.11167,0.00000],[175.96561,-288.89265,0.00000],[174.60177,-290.89412,0.00000],[173.65306,-293.09545,0.00000],[173.25734,-295.33778,0.00000],[176.74392,-295.72032,0.00000],[177.02885,-294.10576,0.00000],[177.68313,-292.58761,0.00000],[178.69934,-291.09629,0.00000],[180.02272,-289.70043,0.00000],[181.58183,-288.46524,0.00000],[183.29615,-287.44858,0.00000],[185.07918,-286.70045,0.00000],[186.83938,-286.26097,0.00000],[188.58711,-286.14799,0.00000]
g
"10052",[180.22578,-296.21022,0.00000],[180.07409,-294.18117,0.00000],[179.47291,-292.10729,0.00000],[178.51332,-290.14525,0.00000],[177.25783,-288.32968,0.00000],[175.75622,-286.69920,0.00000],[174.04995,-285.29857,0.00000],[172.17362,-284.18032,0.00000],[170.14529,-283.40486,0.00000],[167.90136,-283.07885,0.00000],[167.57885,-286.56874,0.00000],[169.25797,-286.81269,0.00000],[170.64143,-287.34161,0.00000],[172.03237,-288.17058,0.00000],[173.34696,-289.24969,0.00000],[174.51793,-290.52116,0.00000],[175.48486,-291.91943,0.00000],[176.19567,-293.37279,0.00000],[176.61100,-294.80557,0.00000],[176.72004,-296.26410,0.00000]
g
"10063",[92.30117,-280.05114,0.00000],[91.98967,-279.94832,0.00000],[91.62334,-279.61787,0.00000],[91.03532,-278.86661,0.00000],[90.26053,-277.87675,0.00000],[89.12188,-276.84959,0.00000],[87.64408,-276.36182,0.00000],[87.01336,-279.83936,0.00000],[87.32486,-279.94218,0.00000],[87.69118,-280.27263,0.00000],[88.27921,-281.02389,0.00000],[89.05399,-282.01375,0.00000],[90.19265,-283.04091,0.00000],[91.67045,-283.52868,0.00000]
g
"10064",[69.68771,-275.64268,0.00000],[68.17563,-276.01072,0.00000],[66.95848,-276.94353,0.00000],[66.10701,-277.86826,0.00000],[65.46080,-278.57008,0.00000],[65.06922,-278.87018,0.00000],[64.75049,-278.94776,0.00000],[65.10109,-282.46460,0.00000],[66.61317,-282.09657,0.00000],[67.83032,-281.16376,0.00000],[68.68178,-280.23903,0.00000],[69.32800,-279.53721,0.00000],[69.71958,-279.23711,0.00000],[70.03831,-279.15953,0.00000]
g
"10065",[73.69144,-286.31145,0.00000],[74.00294,-286.41426,0.00000],[74.36926,-286.74471,0.00000],[74.95729,-287.49597,0.00000],[75.73207,-288.48583,0.00000],[76.87073,-289.51299,0.00000],[78.34853,-290.00076,0.00000],[78.97925,-286.52322,0.00000],[78.66775,-286.42040,0.00000],[78.30142,-286.08995,0.00000],[77.71340,-285.33869,0.00000],[76.93861,-284.34883,0.00000],[75.79996,-283.32168,0.00000],[74.32216,-282.83390,0.00000]
g
"10066",[96.22326,-290.71663,0.00000],[97.73533,-290.34859,0.00000],[98.95248,-289.41578,0.00000],[99.80395,-288.49105,0.00000],[100.45017,-287.78923,0.00000],[100.84174,-287.48913,0.00000],[101.16047,-287.41155,0.00000],[100.80987,-283.89471,0.00000],[99.29779,-284.26274,0.00000],[98.08064,-285.19555,0.00000],[97.22918,-286.12028,0.00000],[96.58296,-286.82211,0.00000],[96.19138,-287.12220,0.00000],[95.87266,-287.19978,0.00000]
EndLinks
PedestrianAreas
"1:Platform edge PT stop 1 (right)",[87.19991,-276.34403,0.00000],[87.27994,-274.34563,0.00000],[70.21191,-273.66207,0.00000],[70.13188,-275.66047,0.00000]
g
"2",[62.21470,-272.07932,0.00000],[67.48768,-272.07932,0.00000],[67.48768,-267.18156,0.00000],[62.21470,-267.18156,0.00000]
g
"4",[67.53645,-274.57489,0.00000],[83.26130,-274.81979,0.00000],[83.28802,-271.47367,0.00000],[66.99019,-270.56160,0.00000]
g
"5",[6.49691,-273.16990,0.00000],[63.56534,-276.29876,0.00000],[62.73991,-268.11364,0.00000],[7.35461,-263.94018,0.00000]
g
"7",[4.14177,-267.60493,0.00000],[10.99200,-267.60493,0.00000],[10.99200,-13.29172,0.00000],[4.14177,-13.29172,0.00000]
g
"10",[3.01216,-15.33961,0.00000],[13.54880,-15.33961,0.00000],[13.54880,-8.55753,0.00000],[3.01216,-8.55753,0.00000]
g
"15:Platform edge PT stop 2 (right)",[78.79270,-290.01855,0.00000],[78.71267,-292.01695,0.00000],[95.69905,-292.69724,0.00000],[95.77909,-290.69884,0.00000]
g
"16",[67.03649,-293.18206,0.00000],[72.97977,-293.18206,0.00000],[72.97977,-289.62949,0.00000],[67.03649,-289.62949,0.00000]
g
"17",[72.61075,-296.70911,0.00000],[79.14871,-296.70911,0.00000],[79.14871,-289.56586,0.00000],[72.61075,-289.56586,0.00000]
g
"18:Platform edge PT stop 3 (right)",[130.33554,-292.08279,0.00000],[130.25551,-294.08119,0.00000],[145.24350,-294.68145,0.00000],[145.32353,-292.68305,0.00000]
g
"19",[121.74824,-297.69341,0.00000],[132.24388,-297.69341,0.00000],[132.24388,-292.53547,0.00000],[121.74824,-292.53547,0.00000]
g
"20",[78.39321,-297.84464,0.00000],[123.26057,-297.84464,0.00000],[123.26057,-293.29013,0.00000],[78.39321,-293.29013,0.00000]
g
"21",[64.10338,-305.40875,0.00000],[70.65159,-305.40875,0.00000],[70.65159,-292.65395,0.00000],[64.10338,-292.65395,0.00000]
g
"22",[69.75281,-309.85857,0.00000],[102.89068,-309.85857,0.00000],[102.89068,-302.58850,0.00000],[69.75281,-302.58850,0.00000]
g
"23",[127.86712,-304.34243,0.00000],[135.36210,-304.34243,0.00000],[135.36210,-295.93492,0.00000],[127.86712,-295.93492,0.00000]
g
"24",[117.86014,-310.06363,0.00000],[130.93954,-310.06363,0.00000],[130.93954,-302.09635,0.00000],[117.86014,-302.09635,0.00000]
g
"25",[101.53984,-345.33413,0.00000],[114.61495,-345.33413,0.00000],[114.61495,-332.85153,0.00000],[101.53984,-332.85153,0.00000]
g
"26",[97.58207,-333.81788,0.00000],[121.77927,-333.81788,0.00000],[121.77927,-299.65471,0.00000],[97.58207,-299.65471,0.00000]
g
"27",[62.68546,-274.98244,0.00000],[68.34515,-274.98244,0.00000],[68.34515,-271.33236,0.00000],[62.68546,-271.33236,0.00000]
g
"28:Platform edge PT stop 4: Regiobusstop (right)",[140.01819,-278.45935,0.00000],[140.09823,-276.46095,0.00000],[125.11024,-275.86070,0.00000],[125.03021,-277.85910,0.00000]
g
"29",[118.10631,-277.43043,0.00000],[125.32096,-277.43043,0.00000],[125.32096,-273.46184,0.00000],[118.10631,-273.46184,0.00000]
g
"30",[99.88919,-275.38238,0.00000],[111.73823,-275.38238,0.00000],[111.73823,-271.65987,0.00000],[99.88919,-271.65987,0.00000]
g
"31",[82.90278,-273.52042,0.00000],[100.38423,-273.52042,0.00000],[100.38423,-271.46981,0.00000],[82.90278,-271.46981,0.00000]
g
"32",[110.12463,-275.05838,0.00000],[118.96953,-275.05838,0.00000],[118.96953,-272.28940,0.00000],[110.12463,-272.28940,0.00000]
g
"49",[64.71663,-273.96697,0.00000],[66.67579,-290.62613,0.00000],[70.15184,-290.21734,0.00000],[68.19268,-273.55818,0.00000]
g
EndPedestrianAreas
