[0.00000,0.00000,0.0]
Links
"1",[111.56411,-291.34491,0.00000],[111.52133,-274.34943,0.00000],[108.02134,-274.35824,0.00000],[108.06412,-291.35372,0.00000]
g
"2",[108.02134,-274.35824,0.00000],[108.06412,-291.35372,0.00000],[111.56411,-291.34491,0.00000],[111.52133,-274.34943,0.00000]
g
"3",[130.13571,-292.07479,0.00000],[145.52337,-292.69105,0.00000],[145.66343,-289.19385,0.00000],[130.27576,-288.57759,0.00000]
g
"4",[140.21803,-278.46735,0.00000],[124.83037,-277.85109,0.00000],[124.69031,-281.34829,0.00000],[140.07797,-281.96455,0.00000]
g
"7",[153.93637,-293.87172,0.00000],[153.97618,-277.69090,0.00000],[150.47619,-277.68229,0.00000],[150.43638,-293.86311,0.00000]
g
"8",[150.47619,-277.68229,0.00000],[150.43638,-293.86311,0.00000],[153.93637,-293.87172,0.00000],[153.97618,-277.69090,0.00000]
g
"9",[70.15184,-290.21734,0.00000],[68.19268,-273.55818,0.00000],[64.71663,-273.96697,0.00000],[66.67579,-290.62613,0.00000]
g
"10",[106.27579,-280.84107,0.00000],[106.38751,-276.51494,0.00000],[104.63809,-276.46976,0.00000],[104.52637,-280.79589,0.00000]
g
"11",[102.88867,-276.42459,0.00000],[102.77695,-280.75071,0.00000],[104.52637,-280.79589,0.00000],[104.63809,-276.46976,0.00000]
g
"25",[-209.78922,-272.74687,0.00000],[32.53780,-283.30719,0.00000],[32.69019,-279.81051,0.00000],[-209.63683,-269.25019,0.00000]
g
"26",[32.84257,-276.31383,0.00000],[-209.48445,-265.75351,0.00000],[-209.63683,-269.25019,0.00000],[32.69019,-279.81051,0.00000]
g
"29",[56.54228,-285.62464,0.00000],[95.78066,-287.19223,0.00000],[111.28734,-287.81172,0.00000],[169.04744,-290.13036,0.00000],[169.18783,-286.63318,0.00000],[111.42772,-284.31454,0.00000],[95.92038,-283.69502,0.00000],[56.68199,-282.12743,0.00000]
g
"30",[169.32772,-283.13597,0.00000],[111.64261,-280.82574,0.00000],[95.83232,-280.19256,0.00000],[56.82222,-278.63024,0.00000],[56.68216,-282.12743,0.00000],[95.69226,-283.68975,0.00000],[111.50255,-284.32294,0.00000],[169.18766,-286.63317,0.00000]
g
"31",[186.45894,-289.56721,0.00000],[382.69603,-297.26451,0.00000],[382.83321,-293.76720,0.00000],[186.59612,-286.06990,0.00000]
g
"32",[382.83321,-293.76720,0.00000],[186.59612,-286.06990,0.00000],[186.45894,-289.56721,0.00000],[382.69603,-297.26451,0.00000]
g
"33",[186.45894,-289.56721,0.00000],[382.69603,-297.26451,0.00000],[382.83321,-293.76720,0.00000],[186.59612,-286.06990,0.00000]
g
"34",[382.97039,-290.26989,0.00000],[186.73330,-282.57259,0.00000],[186.59612,-286.06990,0.00000],[382.83321,-293.76720,0.00000]
g
"35",[178.51341,-335.20555,0.00000],[180.25290,-295.59262,0.00000],[176.75627,-295.43908,0.00000],[175.01678,-335.05201,0.00000]
g
"36",[173.25964,-295.28554,0.00000],[171.52015,-334.89847,0.00000],[175.01678,-335.05201,0.00000],[176.75627,-295.43908,0.00000]
g
"37",[47.84853,-328.39778,0.00000],[48.46158,-289.53581,0.00000],[44.96202,-289.48060,0.00000],[44.34897,-328.34257,0.00000]
g
"38",[41.46245,-289.42539,0.00000],[40.84940,-328.28737,0.00000],[44.34897,-328.34257,0.00000],[44.96202,-289.48060,0.00000]
g
"43",[87.39974,-276.35203,0.00000],[69.93204,-275.65247,0.00000],[69.79198,-279.14966,0.00000],[87.25969,-279.84923,0.00000]
g
"48",[78.59286,-290.01055,0.00000],[95.97893,-290.70684,0.00000],[96.11898,-287.20965,0.00000],[78.73292,-286.51335,0.00000]
g
"49",[64.71663,-273.96697,0.00000],[66.67579,-290.62613,0.00000],[70.15184,-290.21734,0.00000],[68.19268,-273.55818,0.00000]
g
"10002",[125.23066,-288.37145,0.00000],[125.54297,-288.47597,0.00000],[125.91211,-288.80896,0.00000],[126.50013,-289.56021,0.00000],[127.27492,-290.55007,0.00000],[128.41357,-291.57723,0.00000],[129.89137,-292.06500,0.00000],[130.52209,-288.58746,0.00000],[130.21059,-288.48464,0.00000],[129.84427,-288.15419,0.00000],[129.25624,-287.40294,0.00000],[128.48146,-286.41307,0.00000],[127.34562,-285.38845,0.00000],[125.86894,-284.89425,0.00000]
g
"10003",[145.76770,-292.70084,0.00000],[147.27978,-292.33280,0.00000],[148.49693,-291.39999,0.00000],[149.34839,-290.47526,0.00000],[149.99461,-289.77344,0.00000],[150.38747,-289.47235,0.00000],[150.70648,-289.39411,0.00000],[150.35289,-285.87710,0.00000],[148.84095,-286.24793,0.00000],[147.62509,-287.17976,0.00000],[146.77362,-288.10449,0.00000],[146.12740,-288.80631,0.00000],[145.73583,-289.10641,0.00000],[145.41710,-289.18399,0.00000]
g
"10004",[145.11946,-282.16646,0.00000],[144.80795,-282.06364,0.00000],[144.44163,-281.73319,0.00000],[143.85361,-280.98193,0.00000],[143.07882,-279.99207,0.00000],[141.94017,-278.96492,0.00000],[140.46236,-278.47714,0.00000],[139.83164,-281.95469,0.00000],[140.14315,-282.05750,0.00000],[140.50947,-282.38795,0.00000],[141.09749,-283.13921,0.00000],[141.87228,-284.12907,0.00000],[143.01094,-285.15623,0.00000],[144.48874,-285.64400,0.00000]
g
"10005",[124.58604,-277.84131,0.00000],[123.07396,-278.20934,0.00000],[121.85681,-279.14215,0.00000],[121.00535,-280.06688,0.00000],[120.35913,-280.76871,0.00000],[119.96755,-281.06881,0.00000],[119.64882,-281.14638,0.00000],[119.99942,-284.66323,0.00000],[121.51150,-284.29520,0.00000],[122.72865,-283.36239,0.00000],[123.58012,-282.43765,0.00000],[124.22633,-281.73583,0.00000],[124.61791,-281.43573,0.00000],[124.93664,-281.35815,0.00000]
g
"10006",[111.81513,-280.83265,0.00000],[110.98796,-280.90987,0.00000],[110.09569,-281.00408,0.00000],[109.19703,-281.08610,0.00000],[108.33859,-281.12954,0.00000],[107.57786,-281.11369,0.00000],[106.98237,-281.03281,0.00000],[106.61158,-280.91628,0.00000],[106.42770,-280.80842,0.00000],[106.28461,-280.49940,0.00000],[104.53014,-280.64973,0.00000],[104.64642,-281.64178,0.00000],[105.24884,-282.50943,0.00000],[106.08890,-283.09075,0.00000],[107.02642,-283.47798,0.00000],[108.01850,-283.74844,0.00000],[109.03026,-283.94431,0.00000],[110.01683,-284.09280,0.00000],[110.92244,-284.21545,0.00000],[111.70340,-284.33098,0.00000]
g
"10007",[102.78343,-280.49987,0.00000],[102.63817,-280.74361,0.00000],[102.48879,-280.79435,0.00000],[102.16200,-280.85719,0.00000],[101.61729,-280.87791,0.00000],[100.91628,-280.82761,0.00000],[100.12488,-280.71518,0.00000],[99.29708,-280.56402,0.00000],[98.47611,-280.40240,0.00000],[97.75867,-280.26970,0.00000],[97.58920,-283.76572,0.00000],[98.27707,-283.71299,0.00000],[99.13162,-283.65751,0.00000],[100.06575,-283.58324,0.00000],[101.02868,-283.46662,0.00000],[101.98034,-283.27927,0.00000],[102.89263,-282.97822,0.00000],[103.73310,-282.48277,0.00000],[104.36724,-281.68689,0.00000],[104.52771,-280.74385,0.00000]
g
"10008",[102.77951,-280.65183,0.00000],[102.78718,-281.65740,0.00000],[103.03017,-282.70959,0.00000],[103.46360,-283.72143,0.00000],[104.05720,-284.67307,0.00000],[104.78857,-285.54539,0.00000],[105.64191,-286.31708,0.00000],[106.60811,-286.96238,0.00000],[107.69320,-287.44957,0.00000],[108.86342,-287.71489,0.00000],[109.17745,-284.22464,0.00000],[108.48453,-284.22829,0.00000],[107.88938,-284.11689,0.00000],[107.23209,-283.86695,0.00000],[106.57201,-283.49423,0.00000],[105.95336,-283.02044,0.00000],[105.41368,-282.47175,0.00000],[104.98390,-281.87647,0.00000],[104.68708,-281.26225,0.00000],[104.53170,-280.58957,0.00000]
g
"10009",[95.99698,-287.20087,0.00000],[97.35013,-287.09399,0.00000],[98.82056,-286.84995,0.00000],[100.31368,-286.47014,0.00000],[101.77598,-285.95063,0.00000],[103.15134,-285.28212,0.00000],[104.38032,-284.44676,0.00000],[105.39023,-283.41595,0.00000],[106.06772,-282.17378,0.00000],[106.27389,-280.91461,0.00000],[104.52897,-280.69528,0.00000],[104.27928,-281.43463,0.00000],[103.78351,-282.06565,0.00000],[103.03888,-282.61311,0.00000],[102.06356,-283.07118,0.00000],[100.91635,-283.42136,0.00000],[99.66930,-283.65590,0.00000],[98.39780,-283.77558,0.00000],[97.17983,-283.78654,0.00000],[96.05232,-283.70029,0.00000]
g
"10041",[48.45631,-289.87020,0.00000],[48.60806,-289.07638,0.00000],[48.96987,-288.43696,0.00000],[49.61966,-287.77358,0.00000],[50.54588,-287.13839,0.00000],[51.68546,-286.58319,0.00000],[52.95792,-286.14086,0.00000],[54.27896,-285.83026,0.00000],[55.56187,-285.66127,0.00000],[56.77676,-285.63401,0.00000],[56.80738,-282.13244,0.00000],[55.29327,-282.16642,0.00000],[53.64831,-282.38310,0.00000],[51.98016,-282.77531,0.00000],[50.33965,-283.34558,0.00000],[48.78004,-284.10542,0.00000],[47.35839,-285.08037,0.00000],[46.14917,-286.31488,0.00000],[45.27840,-287.85376,0.00000],[44.96153,-289.51132,0.00000]
g
"10042",[32.42650,-283.30234,0.00000],[33.79052,-283.46447,0.00000],[35.18932,-283.81912,0.00000],[36.60731,-284.36016,0.00000],[37.96108,-285.06349,0.00000],[39.17200,-285.89731,0.00000],[40.16742,-286.82032,0.00000],[40.88883,-287.78088,0.00000],[41.30896,-288.72937,0.00000],[41.45653,-289.80096,0.00000],[44.96031,-289.58858,0.00000],[44.70892,-287.76306,0.00000],[43.92724,-285.99832,0.00000],[42.77746,-284.46738,0.00000],[41.36582,-283.15844,0.00000],[39.76728,-282.05770,0.00000],[38.04267,-281.16171,0.00000],[36.24683,-280.47650,0.00000],[34.42986,-280.01582,0.00000],[32.70964,-279.81136,0.00000]
g
"10043",[48.45754,-289.79178,0.00000],[48.15090,-287.41162,0.00000],[47.20106,-285.09388,0.00000],[45.77239,-283.01367,0.00000],[43.98119,-281.17997,0.00000],[41.91929,-279.60114,0.00000],[39.66640,-278.29379,0.00000],[37.29597,-277.28271,0.00000],[34.88289,-276.60239,0.00000],[32.74704,-276.30967,0.00000],[32.43255,-279.79928,0.00000],[34.16697,-280.03699,0.00000],[36.12971,-280.59035,0.00000],[38.09556,-281.42886,0.00000],[39.96908,-282.51606,0.00000],[41.65342,-283.80579,0.00000],[43.05798,-285.24367,0.00000],[44.10426,-286.76710,0.00000],[44.73825,-288.31410,0.00000],[44.95400,-289.98881,0.00000]
g
"10044",[31.71573,-283.27137,0.00000],[57.41083,-285.65934,0.00000],[57.64279,-282.16581,0.00000],[31.95401,-279.77843,0.00000]
g
"10045",[56.90043,-278.63337,0.00000],[32.49942,-276.29887,0.00000],[32.25641,-279.79161,0.00000],[56.66355,-282.12669,0.00000]
g
"10046",[57.52383,-278.65834,0.00000],[55.32837,-278.74730,0.00000],[52.99031,-279.16998,0.00000],[50.65700,-279.89262,0.00000],[48.40107,-280.89601,0.00000],[46.29998,-282.16975,0.00000],[44.43687,-283.71419,0.00000],[42.90917,-285.54210,0.00000],[41.84831,-287.66688,0.00000],[41.45476,-289.91321,0.00000],[44.94996,-290.24487,0.00000],[45.20772,-288.77365,0.00000],[45.85752,-287.47216,0.00000],[46.91708,-286.20439,0.00000],[48.33503,-285.02897,0.00000],[50.02596,-284.00388,0.00000],[51.89021,-283.17470,0.00000],[53.82242,-282.57628,0.00000],[55.71238,-282.23461,0.00000],[57.52465,-282.16118,0.00000]
g
"10047",[180.23109,-296.08914,0.00000],[180.40186,-295.04240,0.00000],[180.78749,-294.04310,0.00000],[181.39395,-293.03243,0.00000],[182.18869,-292.06996,0.00000],[183.12697,-291.21035,0.00000],[184.15640,-290.50156,0.00000],[185.21851,-289.98339,0.00000],[186.25091,-289.68332,0.00000],[187.31118,-289.60064,0.00000],[187.24348,-286.09529,0.00000],[185.61981,-286.22191,0.00000],[183.95354,-286.70622,0.00000],[182.38684,-287.47055,0.00000],[180.94189,-288.46544,0.00000],[179.64485,-289.65372,0.00000],[178.52791,-291.00641,0.00000],[177.63093,-292.50124,0.00000],[177.00594,-294.12080,0.00000],[176.74352,-295.72935,0.00000]
g
"10048",[187.51306,-282.60317,0.00000],[185.35938,-282.56255,0.00000],[183.20170,-282.59561,0.00000],[181.06090,-282.68060,0.00000],[178.93702,-282.79591,0.00000],[176.83014,-282.92041,0.00000],[174.74040,-283.03348,0.00000],[172.66800,-283.11500,0.00000],[170.61139,-283.14538,0.00000],[168.74085,-283.11247,0.00000],[168.64002,-286.61124,0.00000],[170.60645,-286.64584,0.00000],[172.76265,-286.61399,0.00000],[174.90374,-286.52976,0.00000],[177.02792,-286.41483,0.00000],[179.13512,-286.29031,0.00000],[181.22520,-286.17684,0.00000],[183.29795,-286.09454,0.00000],[185.35318,-286.06306,0.00000],[187.41146,-286.10188,0.00000]
g
"10049",[168.70192,-290.11649,0.00000],[169.44465,-290.24584,0.00000],[170.12118,-290.53785,0.00000],[170.82314,-291.01876,0.00000],[171.50145,-291.66657,0.00000],[172.11044,-292.44197,0.00000],[172.61205,-293.29639,0.00000],[172.97621,-294.17515,0.00000],[173.18304,-295.01914,0.00000],[173.23436,-295.86110,0.00000],[176.73904,-295.83132,0.00000],[176.65740,-294.49190,0.00000],[176.31196,-293.08231,0.00000],[175.75281,-291.73302,0.00000],[175.00903,-290.46609,0.00000],[174.09956,-289.30811,0.00000],[173.03530,-288.29171,0.00000],[171.81956,-287.45881,0.00000],[170.45226,-286.86864,0.00000],[169.07398,-286.62861,0.00000]
g
"10050",[169.00192,-290.12853,0.00000],[171.01628,-290.16501,0.00000],[173.03473,-290.12714,0.00000],[175.03493,-290.03689,0.00000],[177.01689,-289.91605,0.00000],[178.98061,-289.78584,0.00000],[180.92600,-289.66688,0.00000],[182.85290,-289.57924,0.00000],[184.76314,-289.54235,0.00000],[186.48740,-289.56832,0.00000],[186.58236,-286.06936,0.00000],[184.75571,-286.04184,0.00000],[182.73957,-286.08077,0.00000],[180.73966,-286.17174,0.00000],[178.75801,-286.29292,0.00000],[176.79461,-286.42311,0.00000],[174.84954,-286.54169,0.00000],[172.92300,-286.62862,0.00000],[171.01514,-286.66442,0.00000],[169.10381,-286.62981,0.00000]
g
"10051",[188.54270,-282.64356,0.00000],[186.29819,-282.78865,0.00000],[183.97173,-283.36951,0.00000],[181.71891,-284.31476,0.00000],[179.59346,-285.57524,0.00000],[177.65411,-287.11167,0.00000],[175.96561,-288.89265,0.00000],[174.60177,-290.89412,0.00000],[173.65306,-293.09545,0.00000],[173.25734,-295.33778,0.00000],[176.74392,-295.72032,0.00000],[177.02885,-294.10576,0.00000],[177.68313,-292.58761,0.00000],[178.69934,-291.09629,0.00000],[180.02272,-289.70043,0.00000],[181.58183,-288.46524,0.00000],[183.29615,-287.44858,0.00000],[185.07918,-286.70045,0.00000],[186.83938,-286.26097,0.00000],[188.58711,-286.14799,0.00000]
g
"10052",[180.22578,-296.21022,0.00000],[180.07409,-294.18117,0.00000],[179.47291,-292.10729,0.00000],[178.51332,-290.14525,0.00000],[177.25783,-288.32968,0.00000],[175.75622,-286.69920,0.00000],[174.04995,-285.29857,0.00000],[172.17362,-284.18032,0.00000],[170.14529,-283.40486,0.00000],[167.90136,-283.07885,0.00000],[167.57885,-286.56874,0.00000],[169.25797,-286.81269,0.00000],[170.64143,-287.34161,0.00000],[172.03237,-288.17058,0.00000],[173.34696,-289.24969,0.00000],[174.51793,-290.52116,0.00000],[175.48486,-291.91943,0.00000],[176.19567,-293.37279,0.00000],[176.61100,-294.80557,0.00000],[176.72004,-296.26410,0.00000]
g
"10063",[92.30117,-280.05114,0.00000],[91.98967,-279.94832,0.00000],[91.62334,-279.61787,0.00000],[91.03532,-278.86661,0.00000],[90.26053,-277.87675,0.00000],[89.12188,-276.84959,0.00000],[87.64408,-276.36182,0.00000],[87.01336,-279.83936,0.00000],[87.32486,-279.94218,0.00000],[87.69118,-280.27263,0.00000],[88.27921,-281.02389,0.00000],[89.05399,-282.01375,0.00000],[90.19265,-283.04091,0.00000],[91.67045,-283.52868,0.00000]
g
"10064",[69.68771,-275.64268,0.00000],[68.17563,-276.01072,0.00000],[66.95848,-276.94353,0.00000],[66.10701,-277.86826,0.00000],[65.46080,-278.57008,0.00000],[65.06922,-278.87018,0.00000],[64.75049,-278.94776,0.00000],[65.10109,-282.46460,0.00000],[66.61317,-282.09657,0.00000],[67.83032,-281.16376,0.00000],[68.68178,-280.23903,0.00000],[69.32800,-279.53721,0.00000],[69.71958,-279.23711,0.00000],[70.03831,-279.15953,0.00000]
g
"10065",[73.69003,-286.30970,0.00000],[74.00176,-286.41319,0.00000],[74.36926,-286.74471,0.00000],[74.95729,-287.49597,0.00000],[75.73207,-288.48583,0.00000],[76.87073,-289.51299,0.00000],[78.34853,-290.00076,0.00000],[78.97925,-286.52322,0.00000],[78.66775,-286.42040,0.00000],[78.30142,-286.08995,0.00000],[77.71340,-285.33869,0.00000],[76.93861,-284.34883,0.00000],[75.80115,-283.32275,0.00000],[74.32370,-282.83222,0.00000]
g
"10066",[96.22326,-290.71663,0.00000],[97.73533,-290.34859,0.00000],[98.95248,-289.41578,0.00000],[99.80395,-288.49105,0.00000],[100.45017,-287.78923,0.00000],[100.84497,-287.48665,0.00000],[101.16470,-287.40732,0.00000],[100.80598,-283.89020,0.00000],[99.29456,-284.26522,0.00000],[98.08064,-285.19555,0.00000],[97.22918,-286.12028,0.00000],[96.58296,-286.82211,0.00000],[96.19138,-287.12220,0.00000],[95.87266,-287.19978,0.00000]
EndLinks
PedestrianAreas
"1:Platform edge bahnhof 1",[87.19991,-276.34403,0.00000],[87.27994,-274.34563,0.00000],[70.21191,-273.66207,0.00000],[70.13188,-275.66047,0.00000]
g
"2:Bahnhof small entry gate",[89.50635,-272.76251,0.00000],[94.77933,-272.76251,0.00000],[94.77933,-267.71936,0.00000],[89.50635,-267.71936,0.00000]
g
"4:Bahnhof bus waiting area 1",[68.11731,-274.67802,0.00000],[83.16776,-274.87797,0.00000],[83.28802,-271.47367,0.00000],[68.24870,-270.74139,0.00000]
g
"5:To tunnel",[40.05702,-276.67456,0.00000],[65.90062,-278.42435,0.00000],[63.34529,-253.36622,0.00000],[44.03996,-251.91150,0.00000]
g
"10:Rießnerstraße",[3.01216,-15.33961,0.00000],[13.54880,-15.33961,0.00000],[13.54880,-8.55753,0.00000],[3.01216,-8.55753,0.00000]
g
"15:Platform edge bahnhof 2",[78.79270,-290.01855,0.00000],[78.71267,-292.01695,0.00000],[95.69905,-292.69724,0.00000],[95.77909,-290.69884,0.00000]
g
"17:Bahnhof bus waiting area 2 ",[69.87973,-294.63749,0.00000],[81.87973,-294.63749,0.00000],[81.87973,-291.63749,0.00000],[69.87973,-291.63749,0.00000]
g
"18:Platform edge bahnhof 3",[130.33554,-292.08279,0.00000],[130.25551,-294.08119,0.00000],[145.24350,-294.68145,0.00000],[145.32353,-292.68305,0.00000]
g
"19:Bahnhof bus waiting area 3",[120.99606,-296.61444,0.00000],[132.99606,-296.61444,0.00000],[132.99606,-293.61444,0.00000],[120.99606,-293.61444,0.00000]
g
"20",[78.39321,-297.84464,0.00000],[132.16725,-297.84464,0.00000],[132.16725,-291.53504,0.00000],[120.08029,-291.21848,0.00000],[104.53107,-291.37950,0.00000],[84.42331,-290.87182,0.00000],[78.39321,-291.74131,0.00000]
g
"21",[48.04508,-328.14857,0.00000],[78.86505,-328.14857,0.00000],[78.68527,-290.29295,0.00000],[55.74448,-285.71273,0.00000],[52.91555,-286.03313,0.00000],[49.39216,-288.12919,0.00000],[48.53949,-291.36799,0.00000]
g
"22",[69.75281,-327.98002,0.00000],[102.89068,-327.98002,0.00000],[102.89068,-294.63514,0.00000],[69.75281,-294.63514,0.00000]
g
"23",[127.86712,-304.34243,0.00000],[149.11002,-304.34243,0.00000],[149.11002,-291.76190,0.00000],[127.86712,-291.76190,0.00000]
g
"24",[117.86014,-310.06363,0.00000],[130.93954,-310.06363,0.00000],[130.93954,-297.69716,0.00000],[117.86014,-297.69716,0.00000]
g
"25:Carl August Allee",[101.53984,-345.33413,0.00000],[114.61495,-345.33413,0.00000],[114.61495,-332.85153,0.00000],[101.53984,-332.85153,0.00000]
g
"26",[97.58207,-333.81788,0.00000],[121.77927,-333.81788,0.00000],[121.77927,-297.52861,0.00000],[97.58207,-297.52861,0.00000]
g
"28:Platform edge bahnhof 4",[140.01819,-278.45935,0.00000],[140.09823,-276.46095,0.00000],[125.11024,-275.86070,0.00000],[125.03021,-277.85910,0.00000]
g
"29:Bahnhof bus waiting area 4",[115.71363,-276.94613,0.00000],[127.71363,-276.94613,0.00000],[127.71363,-273.94613,0.00000],[115.71363,-273.94613,0.00000]
g
"30:Main entry point of HBF",[99.88919,-275.38238,0.00000],[111.73823,-275.38238,0.00000],[111.73823,-271.65987,0.00000],[99.88919,-271.65987,0.00000]
g
"31",[82.90278,-275.61105,0.00000],[107.18237,-275.61105,0.00000],[107.18237,-271.46981,0.00000],[82.90278,-271.46981,0.00000]
g
"32",[110.29629,-277.45386,0.00000],[124.41048,-277.45386,0.00000],[124.41048,-272.28940,0.00000],[110.29629,-272.28940,0.00000]
g
"33:Bahnhof direct entry to tracks",[150.14306,-260.85415,0.00000],[156.21087,-260.85415,0.00000],[156.21087,-255.14592,0.00000],[150.14306,-255.14592,0.00000]
g
"35",[126.50182,-277.95671,0.00000],[155.53041,-277.95671,0.00000],[155.53041,-273.44911,0.00000],[126.50182,-273.44911,0.00000]
g
"36",[148.51942,-277.04778,0.00000],[155.49445,-277.04778,0.00000],[155.49445,-259.94042,0.00000],[148.51942,-259.94042,0.00000]
g
"37",[147.74058,-318.75216,0.00000],[171.32270,-318.75216,0.00000],[171.32270,-291.51095,0.00000],[147.74058,-291.51095,0.00000]
g
"38",[118.92805,-333.42981,0.00000],[171.18224,-333.42981,0.00000],[171.18224,-303.76497,0.00000],[118.92805,-303.76497,0.00000]
g
"39",[3.06298,-106.26330,0.00000],[11.35881,-106.26330,0.00000],[11.35881,-14.58087,0.00000],[3.06298,-14.58087,0.00000]
g
"40",[44.54053,-254.98379,0.00000],[57.35747,-254.98379,0.00000],[57.35747,-98.24292,0.00000],[44.54053,-98.24292,0.00000]
g
"41",[3.14092,-106.46575,0.00000],[57.18234,-106.46575,0.00000],[57.18234,-98.35428,0.00000],[3.14092,-98.35428,0.00000]
g
"1",[111.56411,-291.34491,0.00000],[111.52133,-274.34943,0.00000],[108.02134,-274.35824,0.00000],[108.06412,-291.35372,0.00000]
g
"7",[153.93637,-293.87172,0.00000],[153.97618,-277.69090,0.00000],[150.47619,-277.68229,0.00000],[150.43638,-293.86311,0.00000]
g
"9",[70.15184,-290.21734,0.00000],[68.19268,-273.55818,0.00000],[64.71663,-273.96697,0.00000],[66.67579,-290.62613,0.00000]
g
EndPedestrianAreas
