[0.00000,0.00000,0.0]
Links
"1",[111.20162,-290.35343,0.00000],[111.15883,-273.35795,0.00000],[107.65885,-273.36676,0.00000],[107.70163,-290.36224,0.00000]
g
"2",[107.65885,-273.36676,0.00000],[107.70163,-290.36224,0.00000],[111.20162,-290.35343,0.00000],[111.15883,-273.35795,0.00000]
g
"3",[298.57256,-207.53411,0.00000],[233.91644,-189.11761,0.00000],[232.95764,-192.48372,0.00000],[297.61376,-210.90022,0.00000]
g
"4",[231.99885,-195.84983,0.00000],[296.65497,-214.26633,0.00000],[297.61376,-210.90022,0.00000],[232.95764,-192.48372,0.00000]
g
"5",[231.52330,-184.50961,0.00000],[232.61209,-142.92397,0.00000],[229.11329,-142.83237,0.00000],[228.02450,-184.41800,0.00000]
g
"6",[228.78403,-30.42606,0.00000],[224.76444,-125.28091,0.00000],[228.26130,-125.42910,0.00000],[232.28089,-30.57424,0.00000]
g
"7",[153.57387,-292.88023,0.00000],[153.61368,-276.69941,0.00000],[150.11369,-276.69080,0.00000],[150.07388,-292.87162,0.00000]
g
"8",[150.11369,-276.69080,0.00000],[150.07388,-292.87162,0.00000],[153.57387,-292.88023,0.00000],[153.61368,-276.69941,0.00000]
g
"9",[69.78934,-289.22585,0.00000],[67.83018,-272.56669,0.00000],[64.35414,-272.97548,0.00000],[66.31330,-289.63464,0.00000]
g
"10",[-116.54296,-215.57818,0.00000],[-53.02075,-209.14633,0.00000],[-53.37333,-205.66413,0.00000],[-116.89554,-212.09599,0.00000]
g
"11",[210.87281,-225.33218,0.00000],[298.33070,-246.63081,0.00000],[299.15885,-243.23019,0.00000],[211.70096,-221.93157,0.00000]
g
"12",[97.35432,-153.00618,0.00000],[121.57070,-153.18161,0.00000],[121.62141,-146.18179,0.00000],[97.40503,-146.00636,0.00000]
g
"13",[80.82002,-135.94034,0.00000],[80.98847,-118.37157,0.00000],[73.98879,-118.30446,0.00000],[73.82034,-135.87322,0.00000]
g
"14",[12.47058,-126.01233,0.00000],[110.19621,-129.80531,0.00000],[110.33195,-126.30795,0.00000],[12.60633,-122.51496,0.00000]
g
"15",[113.30138,-135.37635,0.00000],[112.68961,-159.95098,0.00000],[116.18853,-160.03808,0.00000],[116.80030,-135.46346,0.00000]
g
"16",[123.47175,-169.22815,0.00000],[204.66110,-171.11146,0.00000],[204.74226,-167.61240,0.00000],[123.55292,-165.72909,0.00000]
g
"17",[204.66019,-150.62738,0.00000],[204.60694,-164.03173,0.00000],[208.10691,-164.04563,0.00000],[208.16017,-150.64129,0.00000]
g
"18",[225.61449,-142.74076,0.00000],[224.52570,-184.32640,0.00000],[228.02450,-184.41800,0.00000],[229.11329,-142.83237,0.00000]
g
"19",[231.75817,-125.57728,0.00000],[235.77775,-30.72242,0.00000],[232.28089,-30.57424,0.00000],[228.26130,-125.42910,0.00000]
g
"20",[5.96931,-108.50557,0.00000],[10.22653,-19.98757,0.00000],[6.73057,-19.81943,0.00000],[2.47335,-108.33743,0.00000]
g
"21",[3.23461,-19.65130,0.00000],[-1.02261,-108.16929,0.00000],[2.47335,-108.33743,0.00000],[6.73057,-19.81943,0.00000]
g
"22",[2.92297,-158.91106,0.00000],[4.83239,-131.37107,0.00000],[1.34077,-131.12899,0.00000],[-0.56865,-158.66898,0.00000]
g
"23",[-2.15085,-130.88691,0.00000],[-4.06026,-158.42690,0.00000],[-0.56865,-158.66898,0.00000],[1.34077,-131.12899,0.00000]
g
"24",[-146.30359,-185.21505,0.00000],[-9.17036,-171.55120,0.00000],[-9.51738,-168.06844,0.00000],[-146.65061,-181.73230,0.00000]
g
"25",[-210.15171,-271.75539,0.00000],[32.17531,-282.31571,0.00000],[32.32769,-278.81903,0.00000],[-209.99933,-268.25871,0.00000]
g
"26",[32.48007,-275.32234,0.00000],[-209.84695,-264.76203,0.00000],[-209.99933,-268.25871,0.00000],[32.32769,-278.81903,0.00000]
g
"27",[-9.86440,-164.58569,0.00000],[-146.99763,-178.24954,0.00000],[-146.65061,-181.73230,0.00000],[-9.51738,-168.06844,0.00000]
g
"28",[203.09607,-140.56831,0.00000],[127.86679,-138.36218,0.00000],[127.76419,-141.86067,0.00000],[202.99347,-144.06680,0.00000]
g
"29",[56.17978,-284.63315,0.00000],[95.41817,-286.20074,0.00000],[110.92484,-286.82024,0.00000],[168.68494,-289.13888,0.00000],[168.82533,-285.64169,0.00000],[111.06523,-283.32306,0.00000],[95.55788,-282.70353,0.00000],[56.31950,-281.13594,0.00000]
g
"30",[168.96523,-282.14449,0.00000],[111.28011,-279.83426,0.00000],[95.46983,-279.20107,0.00000],[56.45973,-277.63876,0.00000],[56.31967,-281.13595,0.00000],[95.32977,-282.69827,0.00000],[111.14006,-283.33145,0.00000],[168.82517,-285.64169,0.00000]
g
"31",[186.09644,-288.57572,0.00000],[382.33354,-296.27302,0.00000],[382.47072,-292.77571,0.00000],[186.23362,-285.07841,0.00000]
g
"32",[382.47072,-292.77571,0.00000],[186.23362,-285.07841,0.00000],[186.09644,-288.57572,0.00000],[382.33354,-296.27302,0.00000]
g
"33",[186.09644,-288.57572,0.00000],[382.33354,-296.27302,0.00000],[382.47072,-292.77571,0.00000],[186.23362,-285.07841,0.00000]
g
"34",[382.60790,-289.27840,0.00000],[186.37080,-281.58110,0.00000],[186.23362,-285.07841,0.00000],[382.47072,-292.77571,0.00000]
g
"35",[178.15092,-334.21407,0.00000],[179.89040,-294.60114,0.00000],[176.39377,-294.44760,0.00000],[174.65429,-334.06053,0.00000]
g
"36",[172.89714,-294.29405,0.00000],[171.15766,-333.90698,0.00000],[174.65429,-334.06053,0.00000],[176.39377,-294.44760,0.00000]
g
"37",[47.48604,-327.40630,0.00000],[48.09909,-288.54432,0.00000],[44.59952,-288.48912,0.00000],[43.98647,-327.35109,0.00000]
g
"38",[41.09996,-288.43391,0.00000],[40.48691,-327.29589,0.00000],[43.98647,-327.35109,0.00000],[44.59952,-288.48912,0.00000]
g
"39",[125.87536,-145.47089,0.00000],[203.56211,-147.56532,0.00000],[203.65643,-144.06659,0.00000],[125.96969,-141.97216,0.00000]
g
"40",[211.60688,-164.05954,0.00000],[211.66014,-150.65519,0.00000],[208.16017,-150.64129,0.00000],[208.10691,-164.04563,0.00000]
g
"41",[202.93214,-164.18549,0.00000],[126.22877,-162.14133,0.00000],[126.13553,-165.64009,0.00000],[202.83889,-167.68425,0.00000]
g
"42",[133.40221,-149.17290,0.00000],[148.79674,-149.58351,0.00000],[148.89006,-146.08476,0.00000],[133.49553,-145.67414,0.00000]
g
"43",[110.46769,-122.81058,0.00000],[12.74207,-119.01760,0.00000],[12.60633,-122.51496,0.00000],[110.33195,-126.30795,0.00000]
g
"44",[131.85188,-130.74575,0.00000],[218.81515,-133.90135,0.00000],[218.94207,-130.40366,0.00000],[131.97880,-127.24805,0.00000]
g
"45",[121.62141,-146.18179,0.00000],[97.40503,-146.00636,0.00000],[97.35432,-153.00618,0.00000],[121.57070,-153.18161,0.00000]
g
"46",[73.98879,-118.30446,0.00000],[73.82034,-135.87322,0.00000],[80.82002,-135.94034,0.00000],[80.98847,-118.37157,0.00000]
g
"47",[22.30286,-209.70741,0.00000],[177.97220,-218.01670,0.00000],[178.23871,-213.02381,0.00000],[22.56937,-204.71452,0.00000]
g
"48",[160.56695,-120.11904,0.00000],[160.56955,-139.89045,0.00000],[167.56955,-139.88953,0.00000],[167.56695,-120.11812,0.00000]
g
"49",[64.35414,-272.97548,0.00000],[66.31330,-289.63464,0.00000],[69.78934,-289.22585,0.00000],[67.83018,-272.56669,0.00000]
g
"50",[219.05925,-126.90561,0.00000],[127.40446,-123.75001,0.00000],[127.28403,-127.24794,0.00000],[218.93882,-130.40354,0.00000]
g
"51",[119.68744,-160.12519,0.00000],[120.29922,-135.55056,0.00000],[116.80030,-135.46346,0.00000],[116.18853,-160.03808,0.00000]
g
"52",[157.99537,-149.82886,0.00000],[173.38989,-150.23947,0.00000],[173.48321,-146.74072,0.00000],[158.08869,-146.33011,0.00000]
g
"53",[182.21619,-150.47490,0.00000],[197.61071,-150.88551,0.00000],[197.70404,-147.38675,0.00000],[182.30951,-146.97614,0.00000]
g
"54",[167.56955,-139.88953,0.00000],[167.56695,-120.11812,0.00000],[160.56695,-120.11904,0.00000],[160.56955,-139.89045,0.00000]
g
"55",[160.71687,-139.27977,0.00000],[160.94287,-150.86894,0.00000],[167.94154,-150.73246,0.00000],[167.71554,-139.14329,0.00000]
g
"56",[167.94154,-150.73246,0.00000],[167.71554,-139.14329,0.00000],[160.71687,-139.27977,0.00000],[160.94287,-150.86894,0.00000]
g
"57",[161.83326,-158.74669,0.00100],[161.78000,-173.26806,0.00100],[168.77996,-173.29373,0.00100],[168.83321,-158.77236,0.00100]
g
"58",[148.44250,-159.26700,0.00000],[133.04864,-158.83245,0.00000],[132.94987,-162.33106,0.00000],[148.34374,-162.76561,0.00000]
g
"59",[173.78216,-159.98231,0.00000],[158.38829,-159.54776,0.00000],[158.28953,-163.04637,0.00000],[173.68339,-163.48092,0.00000]
g
"60",[197.23752,-160.53249,0.00000],[181.84299,-160.12222,0.00000],[181.74975,-163.62098,0.00000],[197.14428,-164.03124,0.00000]
g
"61",[132.40074,-172.95499,0.00000],[147.79582,-173.34416,0.00000],[147.88427,-169.84528,0.00000],[132.48919,-169.45611,0.00000]
g
"62",[158.29645,-173.60961,0.00000],[173.69154,-173.99878,0.00000],[173.77998,-170.49990,0.00000],[158.38490,-170.11073,0.00000]
g
"63",[181.89083,-174.08421,0.00000],[197.28668,-174.44134,0.00000],[197.36785,-170.94228,0.00000],[181.97199,-170.58515,0.00000]
g
"64",[168.77996,-173.29373,0.00100],[168.83321,-158.77236,0.00100],[161.83326,-158.74669,0.00100],[161.78000,-173.26806,0.00100]
g
"65",[128.27343,-137.39859,0.00000],[128.41416,-130.99366,0.00000],[124.91501,-130.91677,0.00000],[124.77427,-137.32170,0.00000]
g
"66",[85.76467,-275.30958,0.00000],[70.37700,-274.69332,0.00000],[70.23694,-278.19052,0.00000],[85.62461,-278.80678,0.00000]
g
"67",[121.41585,-130.83989,0.00000],[121.27512,-137.24481,0.00000],[124.77427,-137.32170,0.00000],[124.91501,-130.91677,0.00000]
g
"73",[129.77321,-291.08331,0.00000],[145.16087,-291.69957,0.00000],[145.30093,-288.20237,0.00000],[129.91327,-287.58611,0.00000]
g
"74",[139.85554,-277.47587,0.00000],[124.46787,-276.85961,0.00000],[124.32781,-280.35681,0.00000],[139.71548,-280.97307,0.00000]
g
"113",[87.03725,-275.36055,0.00000],[69.56954,-274.66098,0.00000],[69.42948,-278.15818,0.00000],[86.89719,-278.85775,0.00000]
g
"118",[78.23037,-289.01907,0.00000],[95.61643,-289.71536,0.00000],[95.75649,-286.21816,0.00000],[78.37043,-285.52187,0.00000]
g
"119",[38.68863,-133.78716,0.00000],[38.85708,-116.21840,0.00000],[31.85740,-116.15129,0.00000],[31.68895,-133.72005,0.00000]
g
"152",[31.85740,-116.15129,0.00000],[31.68895,-133.72005,0.00000],[38.68863,-133.78716,0.00000],[38.85708,-116.21840,0.00000]
g
"10000",[234.17356,-189.19085,0.00000],[233.66455,-188.97482,0.00000],[233.25528,-188.67733,0.00000],[232.84657,-188.24033,0.00000],[232.46309,-187.67411,0.00000],[232.12847,-187.00584,0.00000],[231.86000,-186.27082,0.00000],[231.66895,-185.50789,0.00000],[231.56146,-184.75834,0.00000],[231.53640,-184.00921,0.00000],[228.03487,-184.02193,0.00000],[228.06981,-185.06618,0.00000],[228.22999,-186.18320,0.00000],[228.50944,-187.29912,0.00000],[228.90943,-188.39428,0.00000],[229.43637,-189.44660,0.00000],[230.10269,-190.43043,0.00000],[230.92718,-191.31201,0.00000],[231.92963,-192.04069,0.00000],[233.00601,-192.49750,0.00000]
g
"10001",[224.52876,-184.20971,0.00000],[224.52581,-184.37966,0.00000],[224.52583,-184.55771,0.00000],[224.52890,-184.73599,0.00000],[224.53498,-184.91446,0.00000],[224.54402,-185.09309,0.00000],[224.55598,-185.27184,0.00000],[224.57081,-185.45068,0.00000],[224.58848,-185.62956,0.00000],[224.60895,-185.80845,0.00000],[224.63218,-185.98732,0.00000],[224.65815,-186.16613,0.00000],[224.68680,-186.34483,0.00000],[224.71812,-186.52340,0.00000],[224.75207,-186.70180,0.00000],[224.78863,-186.87999,0.00000],[224.82776,-187.05794,0.00000],[224.86944,-187.23559,0.00000],[224.91365,-187.41293,0.00000],[224.96035,-187.58990,0.00000],[225.00953,-187.76648,0.00000],[225.06116,-187.94261,0.00000],[225.11522,-188.11827,0.00000],[225.17169,-188.29341,0.00000],[225.23055,-188.46799,0.00000],[225.29178,-188.64197,0.00000],[225.35536,-188.81531,0.00000],[225.42127,-188.98797,0.00000],[225.48950,-189.15991,0.00000],[225.56004,-189.33108,0.00000],[225.63286,-189.50144,0.00000],[225.70795,-189.67096,0.00000],[225.78530,-189.83958,0.00000],[225.86489,-190.00726,0.00000],[225.94671,-190.17395,0.00000],[226.03075,-190.33963,0.00000],[226.11700,-190.50423,0.00000],[226.20545,-190.66771,0.00000],[226.29609,-190.83003,0.00000],[226.38891,-190.99114,0.00000],[226.48390,-191.15099,0.00000],[226.58105,-191.30955,0.00000],[226.68036,-191.46674,0.00000],[226.78182,-191.62254,0.00000],[226.88542,-191.77689,0.00000],[226.99117,-191.92974,0.00000],[227.09905,-192.08104,0.00000],[227.20907,-192.23074,0.00000],[227.32122,-192.37879,0.00000],[227.43550,-192.52513,0.00000],[227.55191,-192.66970,0.00000],[227.67044,-192.81247,0.00000],[227.79111,-192.95336,0.00000],[227.91391,-193.09232,0.00000],[228.03883,-193.22930,0.00000],[228.16589,-193.36423,0.00000],[228.29509,-193.49705,0.00000],[228.42643,-193.62771,0.00000],[228.55991,-193.75613,0.00000],[228.69554,-193.88224,0.00000],[228.83332,-194.00599,0.00000],[228.97326,-194.12731,0.00000],[229.11535,-194.24611,0.00000],[229.25961,-194.36233,0.00000],[229.40604,-194.47589,0.00000],[229.55463,-194.58671,0.00000],[229.70540,-194.69472,0.00000],[229.85833,-194.79982,0.00000],[230.01345,-194.90193,0.00000],[230.17073,-195.00097,0.00000],[230.33017,-195.09684,0.00000],[230.49178,-195.18945,0.00000],[230.65554,-195.27870,0.00000],[230.82144,-195.36449,0.00000],[230.98946,-195.44673,0.00000],[231.15959,-195.52530,0.00000],[231.33181,-195.60010,0.00000],[231.50608,-195.67103,0.00000],[231.68237,-195.73798,0.00000],[231.86065,-195.80084,0.00000],[232.04087,-195.85948,0.00000],[232.21246,-195.91068,0.00000],[233.19221,-192.55053,0.00000],[233.08289,-192.51792,0.00000],[232.98423,-192.48581,0.00000],[232.88569,-192.45107,0.00000],[232.78726,-192.41369,0.00000],[232.68894,-192.37368,0.00000],[232.59075,-192.33103,0.00000],[232.49270,-192.28574,0.00000],[232.39480,-192.23782,0.00000],[232.29706,-192.18728,0.00000],[232.19953,-192.13412,0.00000],[232.10222,-192.07836,0.00000],[232.00516,-192.02000,0.00000],[231.90839,-191.95907,0.00000],[231.81195,-191.89558,0.00000],[231.71586,-191.82955,0.00000],[231.62018,-191.76100,0.00000],[231.52493,-191.68997,0.00000],[231.43017,-191.61647,0.00000],[231.33593,-191.54055,0.00000],[231.24226,-191.46223,0.00000],[231.14919,-191.38155,0.00000],[231.05678,-191.29855,0.00000],[230.96506,-191.21326,0.00000],[230.87409,-191.12574,0.00000],[230.78389,-191.03602,0.00000],[230.69452,-190.94414,0.00000],[230.60602,-190.85016,0.00000],[230.51843,-190.75412,0.00000],[230.43180,-190.65608,0.00000],[230.34615,-190.55608,0.00000],[230.26154,-190.45417,0.00000],[230.17800,-190.35041,0.00000],[230.09557,-190.24486,0.00000],[230.01429,-190.13757,0.00000],[229.93420,-190.02859,0.00000],[229.85534,-189.91799,0.00000],[229.77773,-189.80582,0.00000],[229.70143,-189.69214,0.00000],[229.62645,-189.57700,0.00000],[229.55284,-189.46048,0.00000],[229.48062,-189.34263,0.00000],[229.40984,-189.22351,0.00000],[229.34052,-189.10319,0.00000],[229.27269,-188.98172,0.00000],[229.20639,-188.85917,0.00000],[229.14164,-188.73561,0.00000],[229.07848,-188.61109,0.00000],[229.01692,-188.48568,0.00000],[228.95701,-188.35945,0.00000],[228.89876,-188.23247,0.00000],[228.84220,-188.10479,0.00000],[228.78736,-187.97648,0.00000],[228.73426,-187.84762,0.00000],[228.68292,-187.71826,0.00000],[228.63337,-187.58848,0.00000],[228.58564,-187.45833,0.00000],[228.53974,-187.32790,0.00000],[228.49569,-187.19725,0.00000],[228.45351,-187.06644,0.00000],[228.41323,-186.93556,0.00000],[228.37486,-186.80465,0.00000],[228.33842,-186.67381,0.00000],[228.30392,-186.54309,0.00000],[228.27138,-186.41257,0.00000],[228.24083,-186.28231,0.00000],[228.21226,-186.15240,0.00000],[228.18569,-186.02289,0.00000],[228.16113,-185.89388,0.00000],[228.13860,-185.76541,0.00000],[228.11810,-185.63758,0.00000],[228.09964,-185.51044,0.00000],[228.08323,-185.38408,0.00000],[228.06887,-185.25856,0.00000],[228.05656,-185.13397,0.00000],[228.04631,-185.01037,0.00000],[228.03811,-184.88783,0.00000],[228.03197,-184.76643,0.00000],[228.02788,-184.64625,0.00000],[228.02583,-184.52734,0.00000],[228.02581,-184.40979,0.00000],[228.02796,-184.28584,0.00000]
g
"10002",[232.61103,-142.96475,0.00000],[232.61662,-142.72625,0.00000],[232.62098,-142.48557,0.00000],[232.62409,-142.24514,0.00000],[232.62598,-142.00497,0.00000],[232.62668,-141.76504,0.00000],[232.62624,-141.52536,0.00000],[232.62468,-141.28594,0.00000],[232.62206,-141.04676,0.00000],[232.61839,-140.80784,0.00000],[232.61372,-140.56917,0.00000],[232.60807,-140.33076,0.00000],[232.60150,-140.09259,0.00000],[232.59403,-139.85468,0.00000],[232.58570,-139.61702,0.00000],[232.57654,-139.37961,0.00000],[232.56659,-139.14246,0.00000],[232.55588,-138.90555,0.00000],[232.54445,-138.66890,0.00000],[232.53233,-138.43250,0.00000],[232.51956,-138.19634,0.00000],[232.50617,-137.96044,0.00000],[232.49220,-137.72479,0.00000],[232.47767,-137.48939,0.00000],[232.46263,-137.25424,0.00000],[232.44700,-137.01762,0.00000],[232.43103,-136.78309,0.00000],[232.41466,-136.54881,0.00000],[232.39790,-136.31477,0.00000],[232.38080,-136.08099,0.00000],[232.36339,-135.84745,0.00000],[232.34570,-135.61416,0.00000],[232.32776,-135.38111,0.00000],[232.30961,-135.14831,0.00000],[232.29128,-134.91576,0.00000],[232.27280,-134.68345,0.00000],[232.25422,-134.45139,0.00000],[232.23555,-134.21957,0.00000],[232.21683,-133.98800,0.00000],[232.19810,-133.75668,0.00000],[232.17938,-133.52560,0.00000],[232.16072,-133.29476,0.00000],[232.14213,-133.06417,0.00000],[232.12366,-132.83383,0.00000],[232.10534,-132.60373,0.00000],[232.08719,-132.37388,0.00000],[232.06926,-132.14427,0.00000],[232.05157,-131.91490,0.00000],[232.03415,-131.68578,0.00000],[232.01703,-131.45691,0.00000],[232.00025,-131.22828,0.00000],[231.98384,-130.99989,0.00000],[231.96783,-130.77175,0.00000],[231.95225,-130.54386,0.00000],[231.93701,-130.31439,0.00000],[231.92238,-130.08687,0.00000],[231.90827,-129.85959,0.00000],[231.89472,-129.63256,0.00000],[231.88175,-129.40577,0.00000],[231.86940,-129.17923,0.00000],[231.85770,-128.95293,0.00000],[231.84667,-128.72689,0.00000],[231.83635,-128.50109,0.00000],[231.82677,-128.27553,0.00000],[231.81795,-128.05022,0.00000],[231.80993,-127.82516,0.00000],[231.80274,-127.60034,0.00000],[231.79641,-127.37577,0.00000],[231.79096,-127.15145,0.00000],[231.78643,-126.92737,0.00000],[231.78284,-126.70354,0.00000],[231.78023,-126.47995,0.00000],[231.77862,-126.25661,0.00000],[231.77805,-126.03351,0.00000],[231.77853,-125.81065,0.00000],[231.78011,-125.58804,0.00000],[231.78281,-125.36567,0.00000],[231.78666,-125.14353,0.00000],[231.79168,-124.92164,0.00000],[231.79791,-124.69999,0.00000],[231.80535,-124.47935,0.00000],[231.81846,-124.15437,0.00000],[228.32145,-124.00973,0.00000],[228.30773,-124.34984,0.00000],[228.29957,-124.59186,0.00000],[228.29280,-124.83286,0.00000],[228.28734,-125.07362,0.00000],[228.28318,-125.31413,0.00000],[228.28026,-125.55439,0.00000],[228.27856,-125.79441,0.00000],[228.27804,-126.03419,0.00000],[228.27865,-126.27371,0.00000],[228.28038,-126.51299,0.00000],[228.28317,-126.75201,0.00000],[228.28699,-126.99079,0.00000],[228.29182,-127.22932,0.00000],[228.29761,-127.46760,0.00000],[228.30432,-127.70563,0.00000],[228.31193,-127.94342,0.00000],[228.32039,-128.18095,0.00000],[228.32967,-128.41823,0.00000],[228.33974,-128.65527,0.00000],[228.35057,-128.89206,0.00000],[228.36210,-129.12860,0.00000],[228.37433,-129.36489,0.00000],[228.38720,-129.60093,0.00000],[228.40068,-129.83673,0.00000],[228.41474,-130.07228,0.00000],[228.42934,-130.30759,0.00000],[228.44446,-130.54264,0.00000],[228.45994,-130.77576,0.00000],[228.47598,-131.01045,0.00000],[228.49243,-131.24489,0.00000],[228.50925,-131.47909,0.00000],[228.52642,-131.71304,0.00000],[228.54389,-131.94676,0.00000],[228.56164,-132.18022,0.00000],[228.57963,-132.41345,0.00000],[228.59782,-132.64643,0.00000],[228.61619,-132.87916,0.00000],[228.63471,-133.11166,0.00000],[228.65333,-133.34391,0.00000],[228.67203,-133.57592,0.00000],[228.69077,-133.80769,0.00000],[228.70952,-134.03922,0.00000],[228.72825,-134.27050,0.00000],[228.74692,-134.50155,0.00000],[228.76551,-134.73235,0.00000],[228.78398,-134.96291,0.00000],[228.80230,-135.19323,0.00000],[228.82043,-135.42331,0.00000],[228.83835,-135.65315,0.00000],[228.85602,-135.88274,0.00000],[228.87341,-136.11210,0.00000],[228.89049,-136.34121,0.00000],[228.90723,-136.57008,0.00000],[228.92359,-136.79871,0.00000],[228.93955,-137.02710,0.00000],[228.95507,-137.25525,0.00000],[228.97000,-137.48131,0.00000],[228.98456,-137.70885,0.00000],[228.99858,-137.93615,0.00000],[229.01204,-138.16320,0.00000],[229.02492,-138.39002,0.00000],[229.03717,-138.61659,0.00000],[229.04877,-138.84292,0.00000],[229.05969,-139.06900,0.00000],[229.06990,-139.29485,0.00000],[229.07937,-139.52045,0.00000],[229.08806,-139.74581,0.00000],[229.09596,-139.97092,0.00000],[229.10302,-140.19579,0.00000],[229.10922,-140.42042,0.00000],[229.11453,-140.64481,0.00000],[229.11891,-140.86896,0.00000],[229.12235,-141.09287,0.00000],[229.12481,-141.31653,0.00000],[229.12626,-141.53995,0.00000],[229.12667,-141.76314,0.00000],[229.12602,-141.98608,0.00000],[229.12427,-142.20879,0.00000],[229.12139,-142.43126,0.00000],[229.11737,-142.65349,0.00000],[229.11210,-142.87790,0.00000]
g
"10003",[109.72987,-129.78721,0.00000],[110.35260,-129.91326,0.00000],[110.85741,-130.18791,0.00000],[111.39847,-130.68082,0.00000],[111.93021,-131.38543,0.00000],[112.40676,-132.25637,0.00000],[112.79615,-133.23307,0.00000],[113.07788,-134.25009,0.00000],[113.23971,-135.23846,0.00000],[113.28109,-136.19154,0.00000],[116.78298,-136.15914,0.00000],[116.72738,-134.87852,0.00000],[116.50134,-133.49795,0.00000],[116.11809,-132.11447,0.00000],[115.57920,-130.76279,0.00000],[114.87794,-129.48115,0.00000],[113.99614,-128.31268,0.00000],[112.90172,-127.31567,0.00000],[111.56290,-126.58727,0.00000],[110.14763,-126.30079,0.00000]
g
"10004",[112.68638,-160.08096,0.00000],[112.92955,-161.86419,0.00000],[113.71903,-163.57573,0.00000],[114.87701,-165.03393,0.00000],[116.28871,-166.25905,0.00000],[117.87696,-167.27355,0.00000],[119.58035,-168.08720,0.00000],[121.34320,-168.69881,0.00000],[123.12074,-169.10044,0.00000],[124.89802,-169.26124,0.00000],[125.09650,-165.76490,0.00000],[123.66649,-165.63552,0.00000],[122.30550,-165.32801,0.00000],[120.91240,-164.84468,0.00000],[119.57969,-164.20809,0.00000],[118.38897,-163.44752,0.00000],[117.41611,-162.60323,0.00000],[116.72122,-161.72819,0.00000],[116.32679,-160.87309,0.00000],[116.19229,-159.88681,0.00000]
g
"10005",[203.20710,-147.55575,0.00000],[203.40858,-147.59607,0.00000],[203.51953,-147.65959,0.00000],[203.71955,-147.85675,0.00000],[203.96135,-148.21058,0.00000],[204.19679,-148.69312,0.00000],[204.39604,-149.25896,0.00000],[204.54299,-149.85921,0.00000],[204.62993,-150.44331,0.00000],[204.65867,-151.00989,0.00000],[208.15903,-150.92810,0.00000],[208.11681,-150.09618,0.00000],[207.98105,-149.18401,0.00000],[207.75464,-148.25916,0.00000],[207.43096,-147.33998,0.00000],[206.99500,-146.44647,0.00000],[206.41799,-145.60213,0.00000],[205.65289,-144.84793,0.00000],[204.65349,-144.27580,0.00000],[203.60049,-144.06509,0.00000]
g
"10006",[-53.42950,-209.18772,0.00000],[-44.81461,-208.53934,0.00000],[-36.19524,-208.14809,0.00000],[-27.55907,-207.97977,0.00000],[-18.90901,-208.00145,0.00000],[-10.24807,-208.18018,0.00000],[-1.57926,-208.48298,0.00000],[7.09441,-208.87678,0.00000],[15.76760,-209.32837,0.00000],[24.42983,-209.82094,0.00000],[24.68104,-204.82724,0.00000],[15.98411,-204.49983,0.00000],[7.27678,-204.21374,0.00000],[-1.44190,-203.98530,0.00000],[-10.16942,-203.84793,0.00000],[-18.90093,-203.83520,0.00000],[-27.63156,-203.98075,0.00000],[-36.35645,-204.31826,0.00000],[-45.07065,-204.88142,0.00000],[-53.75396,-205.70267,0.00000]
g
"10007",[177.65200,-217.99961,0.00000],[181.42455,-218.26437,0.00000],[185.14949,-218.78377,0.00000],[188.88529,-219.51608,0.00000],[192.63559,-220.41262,0.00000],[196.40370,-221.42282,0.00000],[200.19309,-222.49459,0.00000],[204.00828,-223.57477,0.00000],[207.85369,-224.60905,0.00000],[211.71545,-225.53739,0.00000],[212.57423,-222.14424,0.00000],[208.83289,-221.07527,0.00000],[205.10600,-219.90141,0.00000],[201.36419,-218.66852,0.00000],[197.59633,-217.42818,0.00000],[193.79144,-216.23315,0.00000],[189.93747,-215.13721,0.00000],[186.02220,-214.19572,0.00000],[182.03373,-213.46588,0.00000],[178.01505,-213.01187,0.00000]
g
"10008",[127.31787,-123.74703,0.00000],[126.17284,-124.19648,0.00000],[125.23319,-124.60477,0.00000],[124.27659,-125.31975,0.00000],[123.48471,-126.17462,0.00000],[122.83405,-127.12455,0.00000],[122.31248,-128.13949,0.00000],[121.91805,-129.19561,0.00000],[121.69321,-130.12533,0.00000],[121.40954,-131.12704,0.00000],[124.89888,-131.65070,0.00000],[125.07922,-131.01385,0.00000],[125.27050,-130.22295,0.00000],[125.51940,-129.55649,0.00000],[125.84626,-128.92045,0.00000],[126.22703,-128.36453,0.00000],[126.62746,-127.93225,0.00000],[127.00197,-127.65234,0.00000],[127.51010,-127.43155,0.00000],[127.92192,-127.26990,0.00000]
g
"10009",[121.28387,-136.84632,0.00000],[121.28782,-137.80244,0.00000],[121.34888,-138.87417,0.00000],[121.48220,-140.00113,0.00000],[121.70736,-141.14741,0.00000],[122.05319,-142.28215,0.00000],[122.56898,-143.37856,0.00000],[123.34066,-144.39135,0.00000],[124.46415,-145.18134,0.00000],[125.72449,-145.46683,0.00000],[126.16244,-141.97736,0.00000],[125.91172,-141.92057,0.00000],[125.79660,-141.83962,0.00000],[125.57797,-141.55268,0.00000],[125.32762,-141.02051,0.00000],[125.10734,-140.29774,0.00000],[124.94229,-139.45746,0.00000],[124.83716,-138.56875,0.00000],[124.78741,-137.69559,0.00000],[124.78403,-136.87754,0.00000]
g
"10010",[211.65962,-150.78675,0.00000],[211.52852,-149.31365,0.00000],[211.13522,-147.77147,0.00000],[210.52407,-146.27836,0.00000],[209.71858,-144.86441,0.00000],[208.73380,-143.56496,0.00000],[207.57703,-142.42137,0.00000],[206.24793,-141.48526,0.00000],[204.73495,-140.82413,0.00000],[203.09017,-140.56813,0.00000],[202.76848,-144.06020,0.00000],[203.74883,-144.21278,0.00000],[204.52202,-144.55065,0.00000],[205.32350,-145.11515,0.00000],[206.09535,-145.87820,0.00000],[206.79080,-146.79587,0.00000],[207.37076,-147.81392,0.00000],[207.80390,-148.87214,0.00000],[208.06732,-149.90505,0.00000],[208.15900,-150.93523,0.00000]
g
"10011",[224.83664,-123.57714,0.00000],[224.82494,-123.87001,0.00000],[224.81457,-124.16484,0.00000],[224.80557,-124.45948,0.00000],[224.79792,-124.75392,0.00000],[224.79157,-125.04816,0.00000],[224.78649,-125.34221,0.00000],[224.78264,-125.63607,0.00000],[224.78000,-125.92973,0.00000],[224.77851,-126.22319,0.00000],[224.77816,-126.51646,0.00000],[224.77890,-126.80953,0.00000],[224.78069,-127.10240,0.00000],[224.78350,-127.39507,0.00000],[224.78731,-127.68755,0.00000],[224.79206,-127.97982,0.00000],[224.79773,-128.27190,0.00000],[224.80428,-128.56378,0.00000],[224.81167,-128.85546,0.00000],[224.81988,-129.14694,0.00000],[224.82886,-129.43822,0.00000],[224.83859,-129.72931,0.00000],[224.84902,-130.02019,0.00000],[224.86012,-130.31088,0.00000],[224.87186,-130.60136,0.00000],[224.88429,-130.89339,0.00000],[224.89720,-131.18337,0.00000],[224.91065,-131.47316,0.00000],[224.92459,-131.76275,0.00000],[224.93900,-132.05214,0.00000],[224.95385,-132.34133,0.00000],[224.96909,-132.63032,0.00000],[224.98470,-132.91911,0.00000],[225.00063,-133.20771,0.00000],[225.01686,-133.49610,0.00000],[225.03336,-133.78430,0.00000],[225.05008,-134.07230,0.00000],[225.06700,-134.36010,0.00000],[225.08408,-134.64770,0.00000],[225.10129,-134.93510,0.00000],[225.11860,-135.22230,0.00000],[225.13596,-135.50930,0.00000],[225.15335,-135.79610,0.00000],[225.17074,-136.08271,0.00000],[225.18810,-136.36911,0.00000],[225.20538,-136.65532,0.00000],[225.22255,-136.94132,0.00000],[225.23960,-137.22713,0.00000],[225.25647,-137.51274,0.00000],[225.27314,-137.79814,0.00000],[225.28957,-138.08335,0.00000],[225.30574,-138.36835,0.00000],[225.32160,-138.65316,0.00000],[225.33714,-138.93776,0.00000],[225.35231,-139.22216,0.00000],[225.36708,-139.50636,0.00000],[225.38143,-139.79036,0.00000],[225.39531,-140.07416,0.00000],[225.40870,-140.35775,0.00000],[225.42156,-140.64115,0.00000],[225.43394,-140.92613,0.00000],[225.44565,-141.20922,0.00000],[225.45675,-141.49210,0.00000],[225.46719,-141.77479,0.00000],[225.47694,-142.05727,0.00000],[225.48598,-142.33954,0.00000],[225.49426,-142.62162,0.00000],[225.50177,-142.90348,0.00000],[225.50847,-143.18515,0.00000],[225.51432,-143.46661,0.00000],[225.51930,-143.74787,0.00000],[225.52337,-144.02892,0.00000],[225.52651,-144.30977,0.00000],[225.52867,-144.59041,0.00000],[225.52984,-144.87085,0.00000],[225.52998,-145.15108,0.00000],[225.52906,-145.43112,0.00000],[225.52705,-145.71094,0.00000],[225.52391,-145.99057,0.00000],[225.51963,-146.26999,0.00000],[225.51417,-146.54840,0.00000],[225.50217,-147.03090,0.00000],[229.00097,-147.12250,0.00000],[229.01332,-146.62622,0.00000],[229.01910,-146.33113,0.00000],[229.02361,-146.03704,0.00000],[229.02691,-145.74315,0.00000],[229.02902,-145.44946,0.00000],[229.02999,-145.15597,0.00000],[229.02984,-144.86268,0.00000],[229.02862,-144.56959,0.00000],[229.02636,-144.27671,0.00000],[229.02309,-143.98402,0.00000],[229.01885,-143.69154,0.00000],[229.01368,-143.39926,0.00000],[229.00760,-143.10718,0.00000],[229.00066,-142.81530,0.00000],[228.99289,-142.52362,0.00000],[228.98433,-142.23215,0.00000],[228.97501,-141.94088,0.00000],[228.96496,-141.64981,0.00000],[228.95421,-141.35895,0.00000],[228.94282,-141.06828,0.00000],[228.93080,-140.77782,0.00000],[228.91826,-140.48926,0.00000],[228.90510,-140.19910,0.00000],[228.89142,-139.90915,0.00000],[228.87725,-139.61940,0.00000],[228.86263,-139.32985,0.00000],[228.84759,-139.04050,0.00000],[228.83217,-138.75136,0.00000],[228.81640,-138.46241,0.00000],[228.80032,-138.17367,0.00000],[228.78395,-137.88514,0.00000],[228.76734,-137.59680,0.00000],[228.75051,-137.30867,0.00000],[228.73351,-137.02074,0.00000],[228.71635,-136.73301,0.00000],[228.69908,-136.44549,0.00000],[228.68173,-136.15817,0.00000],[228.66434,-135.87105,0.00000],[228.64693,-135.58413,0.00000],[228.62954,-135.29742,0.00000],[228.61221,-135.01091,0.00000],[228.59496,-134.72460,0.00000],[228.57782,-134.43850,0.00000],[228.56085,-134.15260,0.00000],[228.54405,-133.86690,0.00000],[228.52747,-133.58141,0.00000],[228.51115,-133.29612,0.00000],[228.49510,-133.01103,0.00000],[228.47937,-132.72615,0.00000],[228.46399,-132.44148,0.00000],[228.44899,-132.15700,0.00000],[228.43440,-131.87274,0.00000],[228.42026,-131.58868,0.00000],[228.40659,-131.30482,0.00000],[228.39344,-131.02117,0.00000],[228.38082,-130.73773,0.00000],[228.36886,-130.45633,0.00000],[228.35742,-130.17340,0.00000],[228.34662,-129.89067,0.00000],[228.33649,-129.60816,0.00000],[228.32706,-129.32585,0.00000],[228.31836,-129.04375,0.00000],[228.31042,-128.76185,0.00000],[228.30328,-128.48017,0.00000],[228.29697,-128.19869,0.00000],[228.29151,-127.91742,0.00000],[228.28694,-127.63635,0.00000],[228.28329,-127.35550,0.00000],[228.28059,-127.07485,0.00000],[228.27887,-126.79441,0.00000],[228.27816,-126.51418,0.00000],[228.27850,-126.23416,0.00000],[228.27992,-125.95434,0.00000],[228.28244,-125.67473,0.00000],[228.28609,-125.39533,0.00000],[228.29091,-125.11614,0.00000],[228.29693,-124.83715,0.00000],[228.30418,-124.55836,0.00000],[228.31269,-124.27979,0.00000],[228.32248,-124.00142,0.00000],[228.33368,-123.72110,0.00000]
g
"10012",[13.48030,-119.04625,0.00000],[12.10997,-118.77677,0.00000],[10.90226,-118.15017,0.00000],[9.72737,-117.14376,0.00000],[8.64041,-115.80458,0.00000],[7.69567,-114.21211,0.00000],[6.93547,-112.45942,0.00000],[6.39178,-110.64513,0.00000],[6.08788,-108.87253,0.00000],[6.03352,-107.17046,0.00000],[2.53083,-107.14222,0.00000],[2.59738,-109.22577,0.00000],[2.97804,-111.44614,0.00000],[3.64216,-113.66231,0.00000],[4.57269,-115.80770,0.00000],[5.76119,-117.81106,0.00000],[7.20965,-119.59562,0.00000],[8.93198,-121.07096,0.00000],[10.94291,-122.11430,0.00000],[13.07230,-122.53305,0.00000]
g
"10013",[204.60986,-163.29538,0.00000],[204.59640,-163.37412,0.00000],[204.59037,-163.38579,0.00000],[204.49305,-163.49612,0.00000],[204.28124,-163.66031,0.00000],[203.97374,-163.83306,0.00000],[203.60545,-163.98409,0.00000],[203.21636,-164.09528,0.00000],[202.85039,-164.15730,0.00000],[202.48620,-164.17361,0.00000],[202.51789,-167.67570,0.00000],[203.22248,-167.64415,0.00000],[203.99198,-167.51374,0.00000],[204.75379,-167.29604,0.00000],[205.50058,-166.98980,0.00000],[206.22108,-166.58503,0.00000],[206.89895,-166.05955,0.00000],[207.50173,-165.37617,0.00000],[207.95497,-164.49818,0.00000],[208.10868,-163.59942,0.00000]
g
"10014",[4.78869,-132.00134,0.00000],[5.04172,-130.89421,0.00000],[5.57343,-129.94678,0.00000],[6.42563,-129.02005,0.00000],[7.56525,-128.16092,0.00000],[8.92522,-127.41583,0.00000],[10.42457,-126.81884,0.00000],[11.97746,-126.39352,0.00000],[13.49429,-126.15536,0.00000],[14.95062,-126.10859,0.00000],[14.96233,-122.60641,0.00000],[13.16542,-122.66412,0.00000],[11.24144,-122.96620,0.00000],[9.31147,-123.49481,0.00000],[7.43143,-124.24336,0.00000],[5.66097,-125.21335,0.00000],[4.06467,-126.41677,0.00000],[2.72094,-127.87801,0.00000],[1.74226,-129.62187,0.00000],[1.31593,-131.48730,0.00000]
g
"10015",[4.77704,-132.16930,0.00000],[4.80278,-131.79569,0.00000],[4.82817,-131.42209,0.00000],[4.85323,-131.04850,0.00000],[4.87797,-130.67492,0.00000],[4.90239,-130.30134,0.00000],[4.92650,-129.92778,0.00000],[4.95030,-129.55422,0.00000],[4.97380,-129.18068,0.00000],[4.99700,-128.80715,0.00000],[5.01991,-128.43362,0.00000],[5.04254,-128.06011,0.00000],[5.06490,-127.68661,0.00000],[5.08698,-127.31312,0.00000],[5.10880,-126.93965,0.00000],[5.13037,-126.56619,0.00000],[5.15167,-126.19274,0.00000],[5.17274,-125.81930,0.00000],[5.19356,-125.44588,0.00000],[5.21415,-125.07247,0.00000],[5.23451,-124.69908,0.00000],[5.25464,-124.32570,0.00000],[5.27456,-123.95234,0.00000],[5.29428,-123.57899,0.00000],[5.31378,-123.20566,0.00000],[5.33309,-122.83234,0.00000],[5.35221,-122.45904,0.00000],[5.37114,-122.08576,0.00000],[5.38989,-121.71250,0.00000],[5.40847,-121.33925,0.00000],[5.42687,-120.96602,0.00000],[5.44512,-120.59282,0.00000],[5.46321,-120.21963,0.00000],[5.48115,-119.84646,0.00000],[5.49895,-119.47330,0.00000],[5.51661,-119.10017,0.00000],[5.53414,-118.72706,0.00000],[5.55154,-118.35397,0.00000],[5.56882,-117.98090,0.00000],[5.58599,-117.60786,0.00000],[5.60305,-117.23483,0.00000],[5.62001,-116.86183,0.00000],[5.63687,-116.48885,0.00000],[5.65365,-116.11589,0.00000],[5.67034,-115.74296,0.00000],[5.68695,-115.37005,0.00000],[5.70349,-114.99716,0.00000],[5.71997,-114.62430,0.00000],[5.73638,-114.25146,0.00000],[5.75275,-113.87865,0.00000],[5.76906,-113.50587,0.00000],[5.78533,-113.13310,0.00000],[5.80157,-112.76037,0.00000],[5.81778,-112.38766,0.00000],[5.83396,-112.01498,0.00000],[5.85013,-111.64233,0.00000],[5.86629,-111.26970,0.00000],[5.88244,-110.89711,0.00000],[5.89859,-110.52454,0.00000],[5.91474,-110.15200,0.00000],[5.93091,-109.77949,0.00000],[5.94710,-109.40700,0.00000],[5.96331,-109.03455,0.00000],[5.97955,-108.66213,0.00000],[5.99583,-108.28974,0.00000],[6.01215,-107.91738,0.00000],[6.02852,-107.54505,0.00000],[6.04494,-107.17276,0.00000],[6.06143,-106.80049,0.00000],[6.07798,-106.42826,0.00000],[6.09460,-106.05606,0.00000],[6.11130,-105.68389,0.00000],[6.12808,-105.31176,0.00000],[6.14496,-104.93966,0.00000],[6.16193,-104.56760,0.00000],[6.17900,-104.19557,0.00000],[6.19618,-103.82357,0.00000],[6.21348,-103.45161,0.00000],[6.23089,-103.07969,0.00000],[6.24843,-102.70780,0.00000],[6.26611,-102.33578,0.00000],[6.27785,-102.09023,0.00000],[2.78189,-101.92210,0.00000],[2.77010,-102.16866,0.00000],[2.75238,-102.54165,0.00000],[2.73478,-102.91479,0.00000],[2.71731,-103.28791,0.00000],[2.69996,-103.66101,0.00000],[2.68273,-104.03409,0.00000],[2.66561,-104.40715,0.00000],[2.64859,-104.78019,0.00000],[2.63168,-105.15320,0.00000],[2.61485,-105.52619,0.00000],[2.59812,-105.89916,0.00000],[2.58146,-106.27211,0.00000],[2.56488,-106.64503,0.00000],[2.54837,-107.01793,0.00000],[2.53192,-107.39081,0.00000],[2.51553,-107.76366,0.00000],[2.49919,-108.13648,0.00000],[2.48289,-108.50928,0.00000],[2.46663,-108.88206,0.00000],[2.45041,-109.25481,0.00000],[2.43421,-109.62753,0.00000],[2.41804,-110.00022,0.00000],[2.40187,-110.37289,0.00000],[2.38572,-110.74553,0.00000],[2.36957,-111.11814,0.00000],[2.35342,-111.49073,0.00000],[2.33725,-111.86328,0.00000],[2.32108,-112.23581,0.00000],[2.30488,-112.60831,0.00000],[2.28865,-112.98078,0.00000],[2.27239,-113.35321,0.00000],[2.25609,-113.72562,0.00000],[2.23975,-114.09800,0.00000],[2.22336,-114.47034,0.00000],[2.20690,-114.84266,0.00000],[2.19039,-115.21494,0.00000],[2.17381,-115.58719,0.00000],[2.15715,-115.95941,0.00000],[2.14041,-116.33159,0.00000],[2.12358,-116.70374,0.00000],[2.10666,-117.07586,0.00000],[2.08965,-117.44795,0.00000],[2.07252,-117.81999,0.00000],[2.05529,-118.19201,0.00000],[2.03794,-118.56399,0.00000],[2.02047,-118.93593,0.00000],[2.00286,-119.30784,0.00000],[1.98513,-119.67971,0.00000],[1.96725,-120.05155,0.00000],[1.94923,-120.42335,0.00000],[1.93105,-120.79511,0.00000],[1.91272,-121.16683,0.00000],[1.89422,-121.53851,0.00000],[1.87555,-121.91016,0.00000],[1.85670,-122.28177,0.00000],[1.83767,-122.65334,0.00000],[1.81845,-123.02487,0.00000],[1.79904,-123.39636,0.00000],[1.77943,-123.76781,0.00000],[1.75962,-124.13922,0.00000],[1.73959,-124.51058,0.00000],[1.71934,-124.88191,0.00000],[1.69887,-125.25320,0.00000],[1.67817,-125.62444,0.00000],[1.65723,-125.99564,0.00000],[1.63605,-126.36680,0.00000],[1.61462,-126.73791,0.00000],[1.59294,-127.10898,0.00000],[1.57100,-127.48001,0.00000],[1.54880,-127.85100,0.00000],[1.52632,-128.22194,0.00000],[1.50357,-128.59283,0.00000],[1.48053,-128.96368,0.00000],[1.45720,-129.33448,0.00000],[1.43358,-129.70524,0.00000],[1.40966,-130.07595,0.00000],[1.38543,-130.44662,0.00000],[1.36088,-130.81723,0.00000],[1.33602,-131.18780,0.00000],[1.31083,-131.55833,0.00000],[1.28532,-131.92880,0.00000]
g
"10016",[-0.96002,-106.86796,0.00000],[-0.97610,-107.20312,0.00000],[-0.99210,-107.53826,0.00000],[-1.00802,-107.87338,0.00000],[-1.02388,-108.20849,0.00000],[-1.03966,-108.54358,0.00000],[-1.05538,-108.87866,0.00000],[-1.07105,-109.21371,0.00000],[-1.08666,-109.54875,0.00000],[-1.10221,-109.88377,0.00000],[-1.11773,-110.21877,0.00000],[-1.13320,-110.55375,0.00000],[-1.14863,-110.88871,0.00000],[-1.16403,-111.22366,0.00000],[-1.17940,-111.55858,0.00000],[-1.19475,-111.89348,0.00000],[-1.21007,-112.22837,0.00000],[-1.22538,-112.56323,0.00000],[-1.24068,-112.89807,0.00000],[-1.25596,-113.23289,0.00000],[-1.27125,-113.56769,0.00000],[-1.28653,-113.90247,0.00000],[-1.30182,-114.23722,0.00000],[-1.31712,-114.57195,0.00000],[-1.33243,-114.90666,0.00000],[-1.34775,-115.24135,0.00000],[-1.36310,-115.57602,0.00000],[-1.37848,-115.91066,0.00000],[-1.39388,-116.24528,0.00000],[-1.40932,-116.57987,0.00000],[-1.42479,-116.91444,0.00000],[-1.44031,-117.24899,0.00000],[-1.45587,-117.58351,0.00000],[-1.47149,-117.91801,0.00000],[-1.48716,-118.25248,0.00000],[-1.50289,-118.58693,0.00000],[-1.51868,-118.92135,0.00000],[-1.53454,-119.25574,0.00000],[-1.55047,-119.59011,0.00000],[-1.56648,-119.92445,0.00000],[-1.58256,-120.25877,0.00000],[-1.59873,-120.59306,0.00000],[-1.61499,-120.92732,0.00000],[-1.63134,-121.26155,0.00000],[-1.64779,-121.59576,0.00000],[-1.66434,-121.92994,0.00000],[-1.68099,-122.26409,0.00000],[-1.69776,-122.59821,0.00000],[-1.71463,-122.93230,0.00000],[-1.73163,-123.26636,0.00000],[-1.74874,-123.60040,0.00000],[-1.76598,-123.93440,0.00000],[-1.78336,-124.26838,0.00000],[-1.80086,-124.60232,0.00000],[-1.81851,-124.93624,0.00000],[-1.83629,-125.27012,0.00000],[-1.85423,-125.60397,0.00000],[-1.87231,-125.93779,0.00000],[-1.89055,-126.27158,0.00000],[-1.90895,-126.60534,0.00000],[-1.92752,-126.93907,0.00000],[-1.94625,-127.27276,0.00000],[-1.96515,-127.60642,0.00000],[-1.98423,-127.94005,0.00000],[-2.00349,-128.27365,0.00000],[-2.02293,-128.60721,0.00000],[-2.04256,-128.94074,0.00000],[-2.06239,-129.27423,0.00000],[-2.08241,-129.60769,0.00000],[-2.10263,-129.94112,0.00000],[-2.12306,-130.27451,0.00000],[-2.14370,-130.60787,0.00000],[-2.16455,-130.94119,0.00000],[-2.18561,-131.27447,0.00000],[-2.20690,-131.60773,0.00000],[-2.22842,-131.94094,0.00000],[-2.25016,-132.27412,0.00000],[-2.27214,-132.60726,0.00000],[-2.29436,-132.94036,0.00000],[-2.31682,-133.27343,0.00000],[-2.33956,-133.60687,0.00000],[-2.35379,-133.81400,0.00000],[1.13783,-134.05608,0.00000],[1.15221,-133.84680,0.00000],[1.17507,-133.51153,0.00000],[1.19771,-133.17586,0.00000],[1.22010,-132.84020,0.00000],[1.24224,-132.50454,0.00000],[1.26415,-132.16890,0.00000],[1.28582,-131.83325,0.00000],[1.30727,-131.49762,0.00000],[1.32848,-131.16200,0.00000],[1.34948,-130.82638,0.00000],[1.37025,-130.49077,0.00000],[1.39082,-130.15517,0.00000],[1.41117,-129.81958,0.00000],[1.43132,-129.48400,0.00000],[1.45127,-129.14843,0.00000],[1.47102,-128.81287,0.00000],[1.49058,-128.47732,0.00000],[1.50995,-128.14178,0.00000],[1.52914,-127.80625,0.00000],[1.54815,-127.47073,0.00000],[1.56698,-127.13522,0.00000],[1.58564,-126.79973,0.00000],[1.60414,-126.46424,0.00000],[1.62247,-126.12877,0.00000],[1.64065,-125.79331,0.00000],[1.65867,-125.45787,0.00000],[1.67654,-125.12243,0.00000],[1.69426,-124.78701,0.00000],[1.71184,-124.45161,0.00000],[1.72929,-124.11621,0.00000],[1.74660,-123.78084,0.00000],[1.76379,-123.44547,0.00000],[1.78085,-123.11012,0.00000],[1.79779,-122.77479,0.00000],[1.81461,-122.43947,0.00000],[1.83132,-122.10416,0.00000],[1.84793,-121.76887,0.00000],[1.86443,-121.43360,0.00000],[1.88083,-121.09834,0.00000],[1.89714,-120.76310,0.00000],[1.91335,-120.42788,0.00000],[1.92948,-120.09267,0.00000],[1.94553,-119.75748,0.00000],[1.96150,-119.42231,0.00000],[1.97739,-119.08715,0.00000],[1.99322,-118.75202,0.00000],[2.00898,-118.41690,0.00000],[2.02468,-118.08180,0.00000],[2.04032,-117.74672,0.00000],[2.05591,-117.41166,0.00000],[2.07145,-117.07661,0.00000],[2.08694,-116.74159,0.00000],[2.10240,-116.40659,0.00000],[2.11782,-116.07160,0.00000],[2.13321,-115.73664,0.00000],[2.14857,-115.40170,0.00000],[2.16391,-115.06678,0.00000],[2.17923,-114.73188,0.00000],[2.19453,-114.39700,0.00000],[2.20982,-114.06215,0.00000],[2.22511,-113.72731,0.00000],[2.24040,-113.39250,0.00000],[2.25568,-113.05771,0.00000],[2.27097,-112.72295,0.00000],[2.28628,-112.38820,0.00000],[2.30159,-112.05348,0.00000],[2.31693,-111.71879,0.00000],[2.33229,-111.38411,0.00000],[2.34768,-111.04946,0.00000],[2.36309,-110.71484,0.00000],[2.37855,-110.38024,0.00000],[2.39404,-110.04567,0.00000],[2.40958,-109.71112,0.00000],[2.42516,-109.37660,0.00000],[2.44080,-109.04210,0.00000],[2.45649,-108.70763,0.00000],[2.47225,-108.37318,0.00000],[2.48807,-108.03876,0.00000],[2.50395,-107.70437,0.00000],[2.51992,-107.37000,0.00000],[2.53595,-107.03567,0.00000]
g
"10017",[-0.93590,-106.36641,0.00000],[-0.94726,-106.68168,0.00000],[-0.95130,-107.00863,0.00000],[-0.94779,-107.33644,0.00000],[-0.93686,-107.66500,0.00000],[-0.91865,-107.99418,0.00000],[-0.89330,-108.32387,0.00000],[-0.86095,-108.65397,0.00000],[-0.82171,-108.98435,0.00000],[-0.77571,-109.31492,0.00000],[-0.72307,-109.64557,0.00000],[-0.66389,-109.97618,0.00000],[-0.59831,-110.30667,0.00000],[-0.52641,-110.63692,0.00000],[-0.44830,-110.96684,0.00000],[-0.36410,-111.29631,0.00000],[-0.27389,-111.62523,0.00000],[-0.17777,-111.95350,0.00000],[-0.07584,-112.28101,0.00000],[0.03182,-112.60766,0.00000],[0.14511,-112.93334,0.00000],[0.26395,-113.25794,0.00000],[0.38826,-113.58136,0.00000],[0.51794,-113.90349,0.00000],[0.65292,-114.22422,0.00000],[0.79311,-114.54343,0.00000],[0.93845,-114.86103,0.00000],[1.08885,-115.17689,0.00000],[1.24424,-115.49090,0.00000],[1.40454,-115.80295,0.00000],[1.56969,-116.11294,0.00000],[1.73960,-116.42073,0.00000],[1.91421,-116.72622,0.00000],[2.09346,-117.02929,0.00000],[2.27727,-117.32982,0.00000],[2.46557,-117.62770,0.00000],[2.65831,-117.92280,0.00000],[2.85542,-118.21501,0.00000],[3.05683,-118.50420,0.00000],[3.26248,-118.79026,0.00000],[3.47232,-119.07306,0.00000],[3.68628,-119.35248,0.00000],[3.90431,-119.62840,0.00000],[4.12634,-119.90069,0.00000],[4.35233,-120.16922,0.00000],[4.58222,-120.43386,0.00000],[4.81595,-120.69450,0.00000],[5.05347,-120.95099,0.00000],[5.29474,-121.20321,0.00000],[5.53970,-121.45103,0.00000],[5.78831,-121.69431,0.00000],[6.04051,-121.93291,0.00000],[6.29627,-122.16670,0.00000],[6.55554,-122.39554,0.00000],[6.81827,-122.61928,0.00000],[7.08442,-122.83778,0.00000],[7.35395,-123.05090,0.00000],[7.62683,-123.25849,0.00000],[7.90301,-123.46039,0.00000],[8.18244,-123.65644,0.00000],[8.46510,-123.84650,0.00000],[8.75095,-124.03039,0.00000],[9.03994,-124.20795,0.00000],[9.33203,-124.37901,0.00000],[9.62719,-124.54340,0.00000],[9.92537,-124.70093,0.00000],[10.22653,-124.85142,0.00000],[10.53061,-124.99468,0.00000],[10.83758,-125.13052,0.00000],[11.14737,-125.25874,0.00000],[11.45993,-125.37913,0.00000],[11.77519,-125.49149,0.00000],[12.09307,-125.59561,0.00000],[12.41351,-125.69125,0.00000],[12.73641,-125.77822,0.00000],[13.06167,-125.85627,0.00000],[13.38920,-125.92519,0.00000],[13.71886,-125.98475,0.00000],[14.05053,-126.03472,0.00000],[14.38408,-126.07488,0.00000],[14.74707,-126.10748,0.00000],[15.32785,-126.12323,0.00000],[15.44314,-122.62507,0.00000],[14.95126,-122.61173,0.00000],[14.74991,-122.59365,0.00000],[14.52052,-122.56603,0.00000],[14.29082,-122.53142,0.00000],[14.06082,-122.48987,0.00000],[13.83054,-122.44141,0.00000],[13.60003,-122.38610,0.00000],[13.36932,-122.32396,0.00000],[13.13848,-122.25506,0.00000],[12.90757,-122.17943,0.00000],[12.67666,-122.09713,0.00000],[12.44584,-122.00822,0.00000],[12.21520,-121.91276,0.00000],[11.98483,-121.81082,0.00000],[11.75483,-121.70246,0.00000],[11.52530,-121.58776,0.00000],[11.29635,-121.46681,0.00000],[11.06809,-121.33969,0.00000],[10.84064,-121.20648,0.00000],[10.61410,-121.06729,0.00000],[10.38858,-120.92221,0.00000],[10.16421,-120.77134,0.00000],[9.94110,-120.61480,0.00000],[9.71935,-120.45270,0.00000],[9.49910,-120.28514,0.00000],[9.28044,-120.11225,0.00000],[9.06350,-119.93415,0.00000],[8.84839,-119.75096,0.00000],[8.63521,-119.56280,0.00000],[8.42409,-119.36981,0.00000],[8.21512,-119.17211,0.00000],[8.00842,-118.96984,0.00000],[7.80409,-118.76313,0.00000],[7.60224,-118.55212,0.00000],[7.40297,-118.33694,0.00000],[7.20639,-118.11773,0.00000],[7.01260,-117.89463,0.00000],[6.82169,-117.66779,0.00000],[6.63378,-117.43735,0.00000],[6.44895,-117.20344,0.00000],[6.26730,-116.96622,0.00000],[6.08894,-116.72584,0.00000],[5.91394,-116.48243,0.00000],[5.74242,-116.23614,0.00000],[5.57445,-115.98713,0.00000],[5.41014,-115.73555,0.00000],[5.24956,-115.48153,0.00000],[5.09281,-115.22524,0.00000],[4.93998,-114.96683,0.00000],[4.79115,-114.70645,0.00000],[4.64640,-114.44425,0.00000],[4.50583,-114.18039,0.00000],[4.36951,-113.91502,0.00000],[4.23752,-113.64830,0.00000],[4.10995,-113.38038,0.00000],[3.98687,-113.11143,0.00000],[3.86836,-112.84160,0.00000],[3.75450,-112.57104,0.00000],[3.64535,-112.29993,0.00000],[3.54100,-112.02842,0.00000],[3.44151,-111.75666,0.00000],[3.34695,-111.48484,0.00000],[3.25739,-111.21310,0.00000],[3.17290,-110.94161,0.00000],[3.09352,-110.67053,0.00000],[3.01934,-110.40004,0.00000],[2.95039,-110.13029,0.00000],[2.88675,-109.86145,0.00000],[2.82846,-109.59368,0.00000],[2.77556,-109.32716,0.00000],[2.72811,-109.06205,0.00000],[2.68616,-108.79851,0.00000],[2.64972,-108.53671,0.00000],[2.61886,-108.27681,0.00000],[2.59358,-108.01898,0.00000],[2.57393,-107.76338,0.00000],[2.55993,-107.51015,0.00000],[2.55159,-107.25947,0.00000],[2.54893,-107.01149,0.00000],[2.55196,-106.76634,0.00000],[2.56107,-106.51350,0.00000]
g
"10018",[-9.75003,-171.60896,0.00000],[-9.52682,-171.58416,0.00000],[-9.29428,-171.55305,0.00000],[-9.06245,-171.51685,0.00000],[-8.83137,-171.47565,0.00000],[-8.60110,-171.42956,0.00000],[-8.37170,-171.37868,0.00000],[-8.14322,-171.32310,0.00000],[-7.91571,-171.26293,0.00000],[-7.68920,-171.19825,0.00000],[-7.46375,-171.12915,0.00000],[-7.23941,-171.05573,0.00000],[-7.01620,-170.97806,0.00000],[-6.79418,-170.89623,0.00000],[-6.57338,-170.81032,0.00000],[-6.35384,-170.72041,0.00000],[-6.13561,-170.62657,0.00000],[-5.91873,-170.52889,0.00000],[-5.70323,-170.42743,0.00000],[-5.48916,-170.32226,0.00000],[-5.27655,-170.21345,0.00000],[-5.06544,-170.10107,0.00000],[-4.85588,-169.98519,0.00000],[-4.64792,-169.86587,0.00000],[-4.44158,-169.74317,0.00000],[-4.23691,-169.61716,0.00000],[-4.03395,-169.48790,0.00000],[-3.83276,-169.35544,0.00000],[-3.63336,-169.21984,0.00000],[-3.43581,-169.08117,0.00000],[-3.24015,-168.93947,0.00000],[-3.04643,-168.79481,0.00000],[-2.85469,-168.64724,0.00000],[-2.66498,-168.49680,0.00000],[-2.47734,-168.34356,0.00000],[-2.29183,-168.18757,0.00000],[-2.10849,-168.02887,0.00000],[-1.92737,-167.86752,0.00000],[-1.74853,-167.70357,0.00000],[-1.57201,-167.53706,0.00000],[-1.39787,-167.36804,0.00000],[-1.22615,-167.19657,0.00000],[-1.05691,-167.02268,0.00000],[-0.89020,-166.84643,0.00000],[-0.72609,-166.66785,0.00000],[-0.56461,-166.48700,0.00000],[-0.40584,-166.30392,0.00000],[-0.24981,-166.11864,0.00000],[-0.09660,-165.93122,0.00000],[0.05373,-165.74169,0.00000],[0.20114,-165.55010,0.00000],[0.34556,-165.35649,0.00000],[0.48692,-165.16090,0.00000],[0.62517,-164.96336,0.00000],[0.76024,-164.76392,0.00000],[0.89207,-164.56261,0.00000],[1.02059,-164.35947,0.00000],[1.14574,-164.15455,0.00000],[1.26744,-163.94787,0.00000],[1.38562,-163.73947,0.00000],[1.50022,-163.52939,0.00000],[1.61116,-163.31767,0.00000],[1.71837,-163.10435,0.00000],[1.82176,-162.88945,0.00000],[1.92127,-162.67301,0.00000],[2.01681,-162.45507,0.00000],[2.10829,-162.23567,0.00000],[2.19563,-162.01484,0.00000],[2.27875,-161.79263,0.00000],[2.35756,-161.56906,0.00000],[2.43196,-161.34419,0.00000],[2.50186,-161.11804,0.00000],[2.56717,-160.89067,0.00000],[2.62778,-160.66211,0.00000],[2.68359,-160.43242,0.00000],[2.73450,-160.20164,0.00000],[2.78041,-159.96983,0.00000],[2.82120,-159.73705,0.00000],[2.85676,-159.50334,0.00000],[2.88699,-159.26878,0.00000],[2.91237,-159.02774,0.00000],[2.94679,-158.56746,0.00000],[-0.54417,-158.31590,0.00000],[-0.57393,-158.71391,0.00000],[-0.58951,-158.86181,0.00000],[-0.60942,-159.01631,0.00000],[-0.63306,-159.17164,0.00000],[-0.66041,-159.32775,0.00000],[-0.69147,-159.48460,0.00000],[-0.72622,-159.64211,0.00000],[-0.76464,-159.80024,0.00000],[-0.80672,-159.95891,0.00000],[-0.85243,-160.11805,0.00000],[-0.90175,-160.27760,0.00000],[-0.95464,-160.43749,0.00000],[-1.01109,-160.59763,0.00000],[-1.07107,-160.75796,0.00000],[-1.13453,-160.91840,0.00000],[-1.20144,-161.07888,0.00000],[-1.27176,-161.23930,0.00000],[-1.34546,-161.39960,0.00000],[-1.42249,-161.55970,0.00000],[-1.50280,-161.71952,0.00000],[-1.58636,-161.87898,0.00000],[-1.67311,-162.03799,0.00000],[-1.76299,-162.19650,0.00000],[-1.85597,-162.35440,0.00000],[-1.95199,-162.51163,0.00000],[-2.05099,-162.66811,0.00000],[-2.15292,-162.82376,0.00000],[-2.25772,-162.97850,0.00000],[-2.36533,-163.13226,0.00000],[-2.47570,-163.28497,0.00000],[-2.58875,-163.43654,0.00000],[-2.70444,-163.58690,0.00000],[-2.82270,-163.73598,0.00000],[-2.94346,-163.88370,0.00000],[-3.06665,-164.03000,0.00000],[-3.19223,-164.17480,0.00000],[-3.32011,-164.31802,0.00000],[-3.45023,-164.45961,0.00000],[-3.58252,-164.59948,0.00000],[-3.71692,-164.73757,0.00000],[-3.85335,-164.87381,0.00000],[-3.99175,-165.00813,0.00000],[-4.13204,-165.14046,0.00000],[-4.27415,-165.27074,0.00000],[-4.41801,-165.39890,0.00000],[-4.56355,-165.52488,0.00000],[-4.71069,-165.64861,0.00000],[-4.85936,-165.77002,0.00000],[-5.00948,-165.88907,0.00000],[-5.16098,-166.00567,0.00000],[-5.31379,-166.11978,0.00000],[-5.46782,-166.23132,0.00000],[-5.62299,-166.34025,0.00000],[-5.77924,-166.44650,0.00000],[-5.93648,-166.55002,0.00000],[-6.09463,-166.65075,0.00000],[-6.25361,-166.74863,0.00000],[-6.41334,-166.84362,0.00000],[-6.57374,-166.93565,0.00000],[-6.73474,-167.02467,0.00000],[-6.89624,-167.11064,0.00000],[-7.05816,-167.19351,0.00000],[-7.22043,-167.27323,0.00000],[-7.38296,-167.34975,0.00000],[-7.54567,-167.42304,0.00000],[-7.70847,-167.49304,0.00000],[-7.87128,-167.55972,0.00000],[-8.03402,-167.62304,0.00000],[-8.19660,-167.68296,0.00000],[-8.35895,-167.73945,0.00000],[-8.52098,-167.79248,0.00000],[-8.68262,-167.84202,0.00000],[-8.84377,-167.88804,0.00000],[-9.00437,-167.93051,0.00000],[-9.16434,-167.96942,0.00000],[-9.32359,-168.00475,0.00000],[-9.48207,-168.03647,0.00000],[-9.63970,-168.06457,0.00000],[-9.79640,-168.08904,0.00000],[-9.95213,-168.10988,0.00000],[-10.11677,-168.12817,0.00000]
g
"10019",[-4.03310,-158.03511,0.00000],[-4.04194,-158.14473,0.00000],[-4.05232,-158.24552,0.00000],[-4.06505,-158.34733,0.00000],[-4.08014,-158.45013,0.00000],[-4.09759,-158.55386,0.00000],[-4.11741,-158.65847,0.00000],[-4.13959,-158.76390,0.00000],[-4.16414,-158.87009,0.00000],[-4.19105,-158.97698,0.00000],[-4.22031,-159.08452,0.00000],[-4.25192,-159.19262,0.00000],[-4.28585,-159.30124,0.00000],[-4.32211,-159.41031,0.00000],[-4.36068,-159.51976,0.00000],[-4.40153,-159.62952,0.00000],[-4.44464,-159.73953,0.00000],[-4.49000,-159.84972,0.00000],[-4.53758,-159.96002,0.00000],[-4.58735,-160.07037,0.00000],[-4.63929,-160.18071,0.00000],[-4.69337,-160.29096,0.00000],[-4.74955,-160.40106,0.00000],[-4.80782,-160.51094,0.00000],[-4.86812,-160.62054,0.00000],[-4.93044,-160.72980,0.00000],[-4.99473,-160.83864,0.00000],[-5.06096,-160.94701,0.00000],[-5.12908,-161.05485,0.00000],[-5.19907,-161.16209,0.00000],[-5.27087,-161.26866,0.00000],[-5.34446,-161.37451,0.00000],[-5.41978,-161.47958,0.00000],[-5.49680,-161.58380,0.00000],[-5.57547,-161.68712,0.00000],[-5.65575,-161.78948,0.00000],[-5.73758,-161.89082,0.00000],[-5.82094,-161.99107,0.00000],[-5.90576,-162.09020,0.00000],[-5.99200,-162.18813,0.00000],[-6.07962,-162.28481,0.00000],[-6.16856,-162.38018,0.00000],[-6.25878,-162.47421,0.00000],[-6.35022,-162.56681,0.00000],[-6.44283,-162.65796,0.00000],[-6.53656,-162.74759,0.00000],[-6.63136,-162.83565,0.00000],[-6.72717,-162.92209,0.00000],[-6.82395,-163.00686,0.00000],[-6.92163,-163.08992,0.00000],[-7.02017,-163.17121,0.00000],[-7.11950,-163.25069,0.00000],[-7.21956,-163.32831,0.00000],[-7.32031,-163.40402,0.00000],[-7.42169,-163.47779,0.00000],[-7.52363,-163.54957,0.00000],[-7.62607,-163.61932,0.00000],[-7.72897,-163.68699,0.00000],[-7.83225,-163.75256,0.00000],[-7.93586,-163.81598,0.00000],[-8.03973,-163.87722,0.00000],[-8.14382,-163.93624,0.00000],[-8.24804,-163.99301,0.00000],[-8.35235,-164.04750,0.00000],[-8.45669,-164.09968,0.00000],[-8.56098,-164.14953,0.00000],[-8.66518,-164.19701,0.00000],[-8.76922,-164.24212,0.00000],[-8.87304,-164.28483,0.00000],[-8.97658,-164.32511,0.00000],[-9.07979,-164.36297,0.00000],[-9.18261,-164.39838,0.00000],[-9.28499,-164.43133,0.00000],[-9.38687,-164.46181,0.00000],[-9.48821,-164.48983,0.00000],[-9.58895,-164.51538,0.00000],[-9.68905,-164.53845,0.00000],[-9.78848,-164.55906,0.00000],[-9.88719,-164.57720,0.00000],[-9.98516,-164.59287,0.00000],[-10.07713,-164.60539,0.00000],[-10.32211,-164.63129,0.00000],[-9.96456,-168.11300,0.00000],[-9.65704,-168.08048,0.00000],[-9.47259,-168.05538,0.00000],[-9.29431,-168.02685,0.00000],[-9.11703,-167.99427,0.00000],[-8.94079,-167.95775,0.00000],[-8.76563,-167.91738,0.00000],[-8.59159,-167.87325,0.00000],[-8.41871,-167.82545,0.00000],[-8.24702,-167.77407,0.00000],[-8.07654,-167.71920,0.00000],[-7.90729,-167.66092,0.00000],[-7.73932,-167.59931,0.00000],[-7.57262,-167.53445,0.00000],[-7.40724,-167.46642,0.00000],[-7.24318,-167.39529,0.00000],[-7.08047,-167.32113,0.00000],[-6.91911,-167.24401,0.00000],[-6.75914,-167.16401,0.00000],[-6.60057,-167.08117,0.00000],[-6.44341,-166.99557,0.00000],[-6.28768,-166.90726,0.00000],[-6.13340,-166.81631,0.00000],[-5.98059,-166.72278,0.00000],[-5.82926,-166.62671,0.00000],[-5.67943,-166.52816,0.00000],[-5.53112,-166.42719,0.00000],[-5.38435,-166.32384,0.00000],[-5.23913,-166.21817,0.00000],[-5.09550,-166.11022,0.00000],[-4.95346,-166.00004,0.00000],[-4.81304,-165.88769,0.00000],[-4.67425,-165.77319,0.00000],[-4.53713,-165.65660,0.00000],[-4.40170,-165.53797,0.00000],[-4.26797,-165.41732,0.00000],[-4.13598,-165.29471,0.00000],[-4.00574,-165.17018,0.00000],[-3.87729,-165.04376,0.00000],[-3.75064,-164.91549,0.00000],[-3.62583,-164.78542,0.00000],[-3.50288,-164.65357,0.00000],[-3.38183,-164.51999,0.00000],[-3.26270,-164.38472,0.00000],[-3.14551,-164.24778,0.00000],[-3.03031,-164.10921,0.00000],[-2.91712,-163.96906,0.00000],[-2.80597,-163.82734,0.00000],[-2.69691,-163.68409,0.00000],[-2.58995,-163.53935,0.00000],[-2.48514,-163.39315,0.00000],[-2.38250,-163.24552,0.00000],[-2.28209,-163.09648,0.00000],[-2.18393,-162.94608,0.00000],[-2.08806,-162.79433,0.00000],[-1.99452,-162.64126,0.00000],[-1.90335,-162.48691,0.00000],[-1.81460,-162.33131,0.00000],[-1.72830,-162.17447,0.00000],[-1.64450,-162.01642,0.00000],[-1.56325,-161.85720,0.00000],[-1.48458,-161.69683,0.00000],[-1.40856,-161.53533,0.00000],[-1.33522,-161.37272,0.00000],[-1.26462,-161.20904,0.00000],[-1.19681,-161.04431,0.00000],[-1.13184,-160.87855,0.00000],[-1.06978,-160.71178,0.00000],[-1.01068,-160.54404,0.00000],[-0.95459,-160.37534,0.00000],[-0.90159,-160.20571,0.00000],[-0.85173,-160.03519,0.00000],[-0.80509,-159.86378,0.00000],[-0.76173,-159.69153,0.00000],[-0.72172,-159.51846,0.00000],[-0.68514,-159.34460,0.00000],[-0.65206,-159.16999,0.00000],[-0.62256,-158.99465,0.00000],[-0.59673,-158.81863,0.00000],[-0.57464,-158.64197,0.00000],[-0.55638,-158.46471,0.00000],[-0.54284,-158.29681,0.00000]
g
"10020",[204.19792,-171.10072,0.00000],[205.37893,-170.98688,0.00000],[206.59484,-170.60479,0.00000],[207.71648,-170.02431,0.00000],[208.73677,-169.28353,0.00000],[209.64408,-168.40764,0.00000],[210.42016,-167.41348,0.00000],[211.03851,-166.31105,0.00000],[211.45947,-165.10556,0.00000],[211.60741,-163.92556,0.00000],[208.10828,-163.70008,0.00000],[208.03282,-164.30198,0.00000],[207.83552,-164.86697,0.00000],[207.49764,-165.46938,0.00000],[207.03640,-166.06022,0.00000],[206.48216,-166.59526,0.00000],[205.87357,-167.03713,0.00000],[205.25586,-167.35681,0.00000],[204.67882,-167.53815,0.00000],[204.07015,-167.59681,0.00000]
g
"10021",[126.53388,-162.14946,0.00000],[125.47845,-162.09294,0.00000],[124.34636,-161.97245,0.00000],[123.19240,-161.77866,0.00000],[122.09487,-161.50745,0.00000],[121.13645,-161.16422,0.00000],[120.40302,-160.77511,0.00000],[119.96018,-160.40245,0.00000],[119.77810,-160.11411,0.00000],[119.69908,-159.65786,0.00000],[116.19158,-159.91544,0.00000],[116.44796,-161.39568,0.00000],[117.29092,-162.73058,0.00000],[118.43408,-163.69259,0.00000],[119.71895,-164.37425,0.00000],[121.08243,-164.86254,0.00000],[122.48173,-165.20832,0.00000],[123.87088,-165.44162,0.00000],[125.19947,-165.58302,0.00000],[126.39366,-165.64697,0.00000]
g
"10022",[128.40860,-131.24682,0.00000],[128.42766,-131.16741,0.00000],[128.38721,-131.21721,0.00000],[128.56001,-131.11301,0.00000],[129.01118,-130.96345,0.00000],[129.66880,-130.84383,0.00000],[130.44920,-130.77417,0.00000],[131.28204,-130.75019,0.00000],[132.10807,-130.75864,0.00000],[132.94797,-130.78552,0.00000],[133.06741,-127.28755,0.00000],[132.18197,-127.25921,0.00000],[131.24958,-127.24967,0.00000],[130.24306,-127.27865,0.00000],[129.19905,-127.37184,0.00000],[128.14311,-127.56392,0.00000],[127.08746,-127.91385,0.00000],[126.05605,-128.53586,0.00000],[125.20991,-129.57757,0.00000],[124.91769,-130.79469,0.00000]
g
"10023",[128.05889,-138.36781,0.00000],[128.21901,-138.40653,0.00000],[128.44822,-138.58653,0.00000],[128.48466,-138.64323,0.00000],[128.43134,-138.49819,0.00000],[128.36649,-138.19635,0.00000],[128.31889,-137.79715,0.00000],[128.29400,-137.34944,0.00000],[128.28816,-136.89316,0.00000],[128.29573,-136.38375,0.00000],[124.79630,-136.31931,0.00000],[124.78783,-136.88957,0.00000],[124.79525,-137.46906,0.00000],[124.83043,-138.10178,0.00000],[124.91038,-138.77238,0.00000],[125.06122,-139.47445,0.00000],[125.33241,-140.21211,0.00000],[125.82284,-140.97503,0.00000],[126.65617,-141.62949,0.00000],[127.59124,-141.85560,0.00000]
g
"10024",[128.45227,-145.54037,0.00000],[128.76522,-145.63876,0.00000],[129.13535,-145.96379,0.00000],[129.73336,-146.70712,0.00000],[130.52130,-147.68654,0.00000],[131.67358,-148.69839,0.00000],[133.15777,-149.16638,0.00000],[133.74197,-145.68072,0.00000],[133.42912,-145.58207,0.00000],[133.05842,-145.25654,0.00000],[132.46041,-144.51321,0.00000],[131.67246,-143.53379,0.00000],[130.51962,-142.52144,0.00000],[129.03548,-142.05482,0.00000]
g
"10025",[149.04117,-149.59003,0.00000],[150.54820,-149.20183,0.00000],[151.75278,-148.25284,0.00000],[152.59181,-147.31681,0.00000],[153.22860,-146.60642,0.00000],[153.61026,-146.30574,0.00000],[153.92604,-146.22714,0.00000],[153.54355,-142.71555,0.00000],[152.03508,-143.09102,0.00000],[150.82463,-144.04463,0.00000],[149.98559,-144.98065,0.00000],[149.34881,-145.69105,0.00000],[148.96128,-145.99635,0.00000],[148.64362,-146.07818,0.00000]
g
"10026",[224.77995,-124.91485,0.00000],[224.68653,-125.30996,0.00000],[224.51719,-125.55477,0.00000],[224.11687,-125.87255,0.00000],[223.46128,-126.20037,0.00000],[222.60782,-126.48221,0.00000],[221.63246,-126.69373,0.00000],[220.60925,-126.82942,0.00000],[219.61257,-126.89264,0.00000],[218.54112,-126.88777,0.00000],[218.47294,-130.38750,0.00000],[219.71552,-130.39315,0.00000],[220.95049,-130.31481,0.00000],[222.23440,-130.14454,0.00000],[223.53002,-129.86358,0.00000],[224.79971,-129.44428,0.00000],[226.00783,-128.84017,0.00000],[227.10013,-127.97309,0.00000],[227.94065,-126.75797,0.00000],[228.26271,-125.39595,0.00000]
g
"10027",[218.68082,-133.89648,0.00000],[220.40817,-133.83643,0.00000],[222.26201,-133.54105,0.00000],[224.12271,-133.02813,0.00000],[225.93576,-132.30364,0.00000],[227.64286,-131.36521,0.00000],[229.18075,-130.19917,0.00000],[230.47133,-128.77821,0.00000],[231.39885,-127.07492,0.00000],[231.77167,-125.25870,0.00000],[228.28669,-124.82998,0.00000],[228.07533,-125.85966,0.00000],[227.59825,-126.73576,0.00000],[226.80782,-127.60605,0.00000],[225.73234,-128.42149,0.00000],[224.43776,-129.13315,0.00000],[223.00483,-129.70574,0.00000],[221.51931,-130.11524,0.00000],[220.07073,-130.34604,0.00000],[218.68348,-130.39427,0.00000]
g
"10028",[232.61315,-142.88351,0.00000],[232.41984,-140.48765,0.00000],[231.74751,-138.02139,0.00000],[230.67847,-135.64575,0.00000],[229.27022,-133.41631,0.00000],[227.57008,-131.39360,0.00000],[225.61764,-129.64419,0.00000],[223.44551,-128.24336,0.00000],[221.07036,-127.27666,0.00000],[218.39069,-126.88260,0.00000],[218.07488,-130.37380,0.00000],[220.14269,-130.67788,0.00000],[221.82331,-131.36190,0.00000],[223.48814,-132.43557,0.00000],[225.05009,-133.83510,0.00000],[226.43804,-135.48638,0.00000],[227.58782,-137.30665,0.00000],[228.44301,-139.20707,0.00000],[228.95738,-141.09387,0.00000],[229.10946,-142.97872,0.00000]
g
"10029",[218.63085,-133.89467,0.00000],[219.80532,-134.09976,0.00000],[220.88457,-134.57829,0.00000],[221.96138,-135.34340,0.00000],[222.97975,-136.35753,0.00000],[223.88598,-137.56351,0.00000],[224.63421,-138.89408,0.00000],[225.18653,-140.27598,0.00000],[225.51407,-141.63067,0.00000],[225.60843,-142.97222,0.00000],[229.11165,-142.89505,0.00000],[228.98489,-141.09287,0.00000],[228.52960,-139.20978,0.00000],[227.79835,-137.38024,0.00000],[226.82319,-135.64609,0.00000],[225.62716,-134.05446,0.00000],[224.22533,-132.65847,0.00000],[222.62495,-131.52134,0.00000],[220.83094,-130.72589,0.00000],[218.99705,-130.40565,0.00000]
g
"10030",[13.13566,-119.03287,0.00000],[10.91107,-119.17128,0.00000],[8.60367,-119.73102,0.00000],[6.36505,-120.64558,0.00000],[4.24804,-121.86913,0.00000],[2.31019,-123.36514,0.00000],[0.61465,-125.10457,0.00000],[-0.76683,-127.06541,0.00000],[-1.74945,-129.23495,0.00000],[-2.19809,-131.56821,0.00000],[1.27890,-132.02133,0.00000],[1.60947,-130.30210,0.00000],[2.28492,-128.81078,0.00000],[3.31540,-127.34812,0.00000],[4.64427,-125.98486,0.00000],[6.20181,-124.78245,0.00000],[7.90974,-123.79533,0.00000],[9.68412,-123.07043,0.00000],[11.43635,-122.64536,0.00000],[13.17656,-122.53710,0.00000]
g
"10031",[120.30056,-135.49652,0.00000],[120.22365,-134.12666,0.00000],[119.93032,-132.70770,0.00000],[119.45349,-131.33066,0.00000],[118.81663,-130.00673,0.00000],[118.03911,-128.74681,0.00000],[117.13738,-127.56269,0.00000],[116.12577,-126.46741,0.00000],[115.01696,-125.47544,0.00000],[113.82209,-124.60282,0.00000],[112.55092,-123.86771,0.00000],[111.21217,-123.29133,0.00000],[109.81494,-122.89931,0.00000],[108.44978,-122.73226,0.00000],[108.16887,-126.22399,0.00000],[109.12568,-126.34107,0.00000],[110.04224,-126.59823,0.00000],[110.97738,-127.00084,0.00000],[111.90850,-127.53930,0.00000],[112.81263,-128.19960,0.00000],[113.66782,-128.96468,0.00000],[114.45352,-129.81535,0.00000],[115.15068,-130.73084,0.00000],[115.74196,-131.68897,0.00000],[116.21209,-132.66630,0.00000],[116.54873,-133.63849,0.00000],[116.74367,-134.58151,0.00000],[116.79812,-135.55116,0.00000]
g
"10032",[153.05168,-146.20356,0.00000],[153.36334,-146.29908,0.00000],[153.72851,-146.61975,0.00000],[154.32652,-147.36308,0.00000],[155.11446,-148.34250,0.00000],[156.26674,-149.35435,0.00000],[157.75093,-149.82234,0.00000],[158.33513,-146.33668,0.00000],[158.02227,-146.23803,0.00000],[157.65157,-145.91251,0.00000],[157.05356,-145.16918,0.00000],[156.26562,-144.18976,0.00000],[155.10781,-143.17304,0.00000],[153.62201,-142.71767,0.00000]
g
"10033",[173.63433,-150.24599,0.00000],[175.14136,-149.85779,0.00000],[176.34593,-148.90880,0.00000],[177.18497,-147.97278,0.00000],[177.82175,-147.26238,0.00000],[178.19819,-146.96582,0.00000],[178.51255,-146.88999,0.00000],[178.14298,-143.37875,0.00000],[176.63345,-143.74287,0.00000],[175.41778,-144.70059,0.00000],[174.57875,-145.63662,0.00000],[173.94197,-146.34701,0.00000],[173.55444,-146.65232,0.00000],[173.23677,-146.73415,0.00000]
g
"10034",[177.27868,-146.85672,0.00000],[177.58908,-146.94944,0.00000],[177.94933,-147.26578,0.00000],[178.54734,-148.00911,0.00000],[179.33528,-148.98853,0.00000],[180.48756,-150.00039,0.00000],[181.97175,-150.46838,0.00000],[182.55595,-146.98271,0.00000],[182.24310,-146.88407,0.00000],[181.87239,-146.55854,0.00000],[181.27439,-145.81521,0.00000],[180.48644,-144.83579,0.00000],[179.32371,-143.81476,0.00000],[177.83628,-143.37048,0.00000]
g
"10035",[197.98042,-150.89537,0.00000],[199.43057,-150.29763,0.00000],[200.22787,-149.03156,0.00000],[200.59829,-148.02400,0.00000],[200.84162,-147.36214,0.00000],[200.83148,-147.37825,0.00000],[200.55023,-147.48412,0.00000],[199.95899,-143.96691,0.00000],[198.49697,-144.51728,0.00000],[197.68368,-145.80872,0.00000],[197.31326,-146.81628,0.00000],[197.06994,-147.47814,0.00000],[197.06411,-147.48740,0.00000],[197.33233,-147.37684,0.00000]
g
"10036",[153.34809,-162.86407,0.00000],[153.04436,-162.78224,0.00000],[152.70437,-162.48274,0.00000],[152.10751,-161.73848,0.00000],[151.32110,-160.75784,0.00000],[150.17039,-159.74420,0.00000],[148.68693,-159.27390,0.00000],[148.09731,-162.75865,0.00000],[148.41001,-162.85778,0.00000],[148.78021,-163.18389,0.00000],[149.37706,-163.92815,0.00000],[150.16348,-164.90879,0.00000],[151.34439,-165.94904,0.00000],[152.83914,-166.35175,0.00000]
g
"10037",[132.80421,-158.82555,0.00000],[131.29658,-159.21141,0.00000],[130.09053,-160.15853,0.00000],[129.25004,-161.09324,0.00000],[128.61215,-161.80265,0.00000],[128.22637,-162.10560,0.00000],[127.90784,-162.18608,0.00000],[128.29714,-165.69769,0.00000],[129.80386,-165.31703,0.00000],[131.01213,-164.36817,0.00000],[131.85262,-163.43345,0.00000],[132.49051,-162.72405,0.00000],[132.87851,-162.41935,0.00000],[133.19630,-162.33801,0.00000]
g
"10038",[178.65154,-163.53841,0.00000],[178.35468,-163.47171,0.00000],[178.04402,-163.19805,0.00000],[177.44717,-162.45379,0.00000],[176.66075,-161.47315,0.00000],[175.51004,-160.45951,0.00000],[174.02658,-159.98921,0.00000],[173.43697,-163.47396,0.00000],[173.74966,-163.57309,0.00000],[174.11986,-163.89920,0.00000],[174.71671,-164.64346,0.00000],[175.50313,-165.62410,0.00000],[176.71337,-166.69019,0.00000],[178.21719,-167.02808,0.00000]
g
"10039",[158.14386,-159.54086,0.00000],[156.63623,-159.92672,0.00000],[155.43018,-160.87383,0.00000],[154.58969,-161.80855,0.00000],[153.95180,-162.51796,0.00000],[153.59589,-162.79746,0.00000],[153.28533,-162.86239,0.00000],[153.60114,-166.37205,0.00000],[155.11364,-166.05580,0.00000],[156.35178,-165.08348,0.00000],[157.19227,-164.14876,0.00000],[157.83016,-163.43936,0.00000],[158.21816,-163.13466,0.00000],[158.53595,-163.05332,0.00000]
g
"10040",[202.18802,-164.16566,0.00000],[201.87516,-164.06702,0.00000],[201.50445,-163.74150,0.00000],[200.90643,-162.99819,0.00000],[200.11846,-162.01878,0.00000],[198.96616,-161.00696,0.00000],[197.48196,-160.53900,0.00000],[196.89784,-164.02468,0.00000],[197.21069,-164.12332,0.00000],[197.58141,-164.44884,0.00000],[198.17943,-165.19215,0.00000],[198.96740,-166.17156,0.00000],[200.11970,-167.18338,0.00000],[201.60390,-167.65134,0.00000]
g
"10041",[48.09381,-288.87871,0.00000],[48.24556,-288.08490,0.00000],[48.60738,-287.44548,0.00000],[49.25716,-286.78210,0.00000],[50.18338,-286.14691,0.00000],[51.32297,-285.59171,0.00000],[52.59542,-285.14938,0.00000],[53.91647,-284.83878,0.00000],[55.19937,-284.66979,0.00000],[56.41426,-284.64252,0.00000],[56.44488,-281.14095,0.00000],[54.93077,-281.17493,0.00000],[53.28581,-281.39162,0.00000],[51.61766,-281.78383,0.00000],[49.97715,-282.35410,0.00000],[48.41755,-283.11393,0.00000],[46.99589,-284.08888,0.00000],[45.78668,-285.32340,0.00000],[44.91591,-286.86228,0.00000],[44.59904,-288.51984,0.00000]
g
"10042",[32.06401,-282.31086,0.00000],[33.42803,-282.47298,0.00000],[34.82683,-282.82764,0.00000],[36.24481,-283.36868,0.00000],[37.59858,-284.07201,0.00000],[38.80951,-284.90583,0.00000],[39.80493,-285.82884,0.00000],[40.52633,-286.78940,0.00000],[40.94646,-287.73789,0.00000],[41.09403,-288.80947,0.00000],[44.59782,-288.59710,0.00000],[44.34642,-286.77158,0.00000],[43.56474,-285.00684,0.00000],[42.41497,-283.47590,0.00000],[41.00333,-282.16695,0.00000],[39.40478,-281.06622,0.00000],[37.68017,-280.17023,0.00000],[35.88434,-279.48502,0.00000],[34.06737,-279.02434,0.00000],[32.34714,-278.81987,0.00000]
g
"10043",[48.09505,-288.80030,0.00000],[47.78841,-286.42014,0.00000],[46.83856,-284.10239,0.00000],[45.40989,-282.02218,0.00000],[43.61869,-280.18849,0.00000],[41.55679,-278.60966,0.00000],[39.30390,-277.30231,0.00000],[36.93347,-276.29123,0.00000],[34.52040,-275.61091,0.00000],[32.38455,-275.31818,0.00000],[32.07006,-278.80780,0.00000],[33.80448,-279.04551,0.00000],[35.76722,-279.59886,0.00000],[37.73306,-280.43737,0.00000],[39.60659,-281.52458,0.00000],[41.29093,-282.81430,0.00000],[42.69549,-284.25219,0.00000],[43.74177,-285.77562,0.00000],[44.37575,-287.32262,0.00000],[44.59151,-288.99732,0.00000]
g
"10044",[31.35324,-282.27988,0.00000],[57.04834,-284.66785,0.00000],[57.28029,-281.17433,0.00000],[31.59151,-278.78694,0.00000]
g
"10045",[56.86905,-277.65515,0.00000],[31.92893,-275.29833,0.00000],[31.68795,-278.79115,0.00000],[56.63421,-281.14855,0.00000]
g
"10046",[57.16133,-277.66685,0.00000],[54.96588,-277.75582,0.00000],[52.62781,-278.17849,0.00000],[50.29450,-278.90114,0.00000],[48.03858,-279.90452,0.00000],[45.93748,-281.17826,0.00000],[44.07437,-282.72271,0.00000],[42.54667,-284.55062,0.00000],[41.48582,-286.67540,0.00000],[41.09226,-288.92173,0.00000],[44.58747,-289.25338,0.00000],[44.84522,-287.78216,0.00000],[45.49502,-286.48068,0.00000],[46.55458,-285.21291,0.00000],[47.97253,-284.03748,0.00000],[49.66346,-283.01239,0.00000],[51.52772,-282.18322,0.00000],[53.45993,-281.58480,0.00000],[55.34989,-281.24313,0.00000],[57.16216,-281.16969,0.00000]
g
"10047",[179.86860,-295.09766,0.00000],[180.03937,-294.05092,0.00000],[180.42499,-293.05162,0.00000],[181.03145,-292.04095,0.00000],[181.82619,-291.07847,0.00000],[182.76448,-290.21886,0.00000],[183.79390,-289.51007,0.00000],[184.85602,-288.99191,0.00000],[185.88842,-288.69184,0.00000],[186.94869,-288.60915,0.00000],[186.88098,-285.10381,0.00000],[185.25732,-285.23043,0.00000],[183.59104,-285.71473,0.00000],[182.02434,-286.47907,0.00000],[180.57940,-287.47395,0.00000],[179.28236,-288.66224,0.00000],[178.16541,-290.01493,0.00000],[177.26843,-291.50975,0.00000],[176.64345,-293.12932,0.00000],[176.38103,-294.73787,0.00000]
g
"10048",[187.15057,-281.61169,0.00000],[184.99688,-281.57107,0.00000],[182.83921,-281.60412,0.00000],[180.69840,-281.68912,0.00000],[178.57453,-281.80443,0.00000],[176.46765,-281.92892,0.00000],[174.37790,-282.04200,0.00000],[172.30550,-282.12352,0.00000],[170.24889,-282.15390,0.00000],[168.37835,-282.12099,0.00000],[168.27752,-285.61976,0.00000],[170.24395,-285.65436,0.00000],[172.40015,-285.62250,0.00000],[174.54125,-285.53828,0.00000],[176.66543,-285.42334,0.00000],[178.77263,-285.29882,0.00000],[180.86270,-285.18535,0.00000],[182.93546,-285.10306,0.00000],[184.99069,-285.07157,0.00000],[187.04896,-285.11039,0.00000]
g
"10049",[168.33942,-289.12501,0.00000],[169.08215,-289.25436,0.00000],[169.75869,-289.54637,0.00000],[170.46064,-290.02728,0.00000],[171.13895,-290.67508,0.00000],[171.74795,-291.45049,0.00000],[172.24955,-292.30490,0.00000],[172.61372,-293.18367,0.00000],[172.82055,-294.02765,0.00000],[172.87187,-294.86962,0.00000],[176.37655,-294.83984,0.00000],[176.29491,-293.50041,0.00000],[175.94947,-292.09083,0.00000],[175.39032,-290.74153,0.00000],[174.64654,-289.47461,0.00000],[173.73707,-288.31663,0.00000],[172.67280,-287.30022,0.00000],[171.45706,-286.46732,0.00000],[170.08976,-285.87715,0.00000],[168.71149,-285.63712,0.00000]
g
"10050",[168.63943,-289.13705,0.00000],[170.65379,-289.17353,0.00000],[172.67223,-289.13565,0.00000],[174.67243,-289.04540,0.00000],[176.65439,-288.92457,0.00000],[178.61811,-288.79436,0.00000],[180.56351,-288.67540,0.00000],[182.49040,-288.58776,0.00000],[184.40065,-288.55086,0.00000],[186.12490,-288.57684,0.00000],[186.21987,-285.07787,0.00000],[184.39322,-285.05035,0.00000],[182.37708,-285.08929,0.00000],[180.37717,-285.18026,0.00000],[178.39551,-285.30143,0.00000],[176.43211,-285.43162,0.00000],[174.48705,-285.55021,0.00000],[172.56050,-285.63713,0.00000],[170.65264,-285.67293,0.00000],[168.74132,-285.63832,0.00000]
g
"10051",[188.18020,-281.65208,0.00000],[185.93570,-281.79716,0.00000],[183.60924,-282.37803,0.00000],[181.35642,-283.32328,0.00000],[179.23096,-284.58375,0.00000],[177.29161,-286.12019,0.00000],[175.60312,-287.90116,0.00000],[174.23927,-289.90264,0.00000],[173.29057,-292.10397,0.00000],[172.89485,-294.34630,0.00000],[176.38142,-294.72884,0.00000],[176.66636,-293.11428,0.00000],[177.32063,-291.59613,0.00000],[178.33684,-290.10481,0.00000],[179.66023,-288.70895,0.00000],[181.21933,-287.47376,0.00000],[182.93365,-286.45710,0.00000],[184.71668,-285.70897,0.00000],[186.47689,-285.26948,0.00000],[188.22462,-285.15651,0.00000]
g
"10052",[179.86328,-295.21873,0.00000],[179.71159,-293.18969,0.00000],[179.11042,-291.11581,0.00000],[178.15082,-289.15376,0.00000],[176.89533,-287.33820,0.00000],[175.39372,-285.70772,0.00000],[173.68745,-284.30708,0.00000],[171.81113,-283.18883,0.00000],[169.78280,-282.41338,0.00000],[167.53887,-282.08737,0.00000],[167.21635,-285.57726,0.00000],[168.89547,-285.82121,0.00000],[170.27894,-286.35012,0.00000],[171.66988,-287.17909,0.00000],[172.98446,-288.25820,0.00000],[174.15543,-289.52967,0.00000],[175.12237,-290.92795,0.00000],[175.83318,-292.38131,0.00000],[176.24850,-293.81408,0.00000],[176.35754,-295.27262,0.00000]
g
"10053",[181.59855,-160.11570,0.00000],[180.09153,-160.50394,0.00000],[178.88698,-161.45296,0.00000],[178.04796,-162.38900,0.00000],[177.41120,-163.09941,0.00000],[177.02367,-163.40472,0.00000],[176.70601,-163.48656,0.00000],[177.10365,-166.99840,0.00000],[178.61066,-166.61016,0.00000],[179.81522,-165.66115,0.00000],[180.65423,-164.72510,0.00000],[181.29100,-164.01469,0.00000],[181.67852,-163.70938,0.00000],[181.99619,-163.62754,0.00000]
g
"10054",[127.43927,-169.32019,0.00000],[127.75211,-169.42143,0.00000],[128.12942,-169.75182,0.00000],[128.72846,-170.49432,0.00000],[129.51777,-171.47264,0.00000],[130.67145,-172.48289,0.00000],[132.15629,-172.94881,0.00000],[132.73563,-169.46234,0.00000],[132.42265,-169.36413,0.00000],[132.05149,-169.03912,0.00000],[131.45245,-168.29662,0.00000],[130.66314,-167.31830,0.00000],[129.51560,-166.31343,0.00000],[128.03104,-165.83297,0.00000]
g
"10055",[148.04027,-173.35034,0.00000],[149.54675,-172.96004,0.00000],[150.75001,-172.00937,0.00000],[151.58774,-171.07218,0.00000],[152.22353,-170.36090,0.00000],[152.65406,-170.02075,0.00000],[152.98604,-169.91278,0.00000],[152.47083,-166.39989,0.00000],[150.97583,-166.88611,0.00000],[149.81600,-167.80246,0.00000],[148.97827,-168.73966,0.00000],[148.34247,-169.45094,0.00000],[147.95537,-169.75678,0.00000],[147.63782,-169.83905,0.00000]
g
"10056",[153.28804,-169.91979,0.00000],[153.61112,-170.04390,0.00000],[154.02513,-170.40644,0.00000],[154.62417,-171.14894,0.00000],[155.41348,-172.12726,0.00000],[156.56717,-173.13751,0.00000],[158.05201,-173.60343,0.00000],[158.63135,-170.11696,0.00000],[158.31836,-170.01875,0.00000],[157.94721,-169.69374,0.00000],[157.34816,-168.95124,0.00000],[156.55886,-167.97292,0.00000],[155.44803,-167.00020,0.00000],[153.97632,-166.43481,0.00000]
g
"10057",[173.93598,-174.00496,0.00000],[175.44247,-173.61466,0.00000],[176.64572,-172.66399,0.00000],[177.48345,-171.72680,0.00000],[178.11924,-171.01552,0.00000],[178.58640,-170.64643,0.00000],[178.93001,-170.51459,0.00000],[178.32090,-166.99952,0.00000],[176.83492,-167.56966,0.00000],[175.71171,-168.45708,0.00000],[174.87398,-169.39427,0.00000],[174.23819,-170.10556,0.00000],[173.85109,-170.41140,0.00000],[173.53354,-170.49367,0.00000]
g
"10058",[176.92782,-170.46815,0.00000],[177.24101,-170.56571,0.00000],[177.61285,-170.88994,0.00000],[178.21343,-171.63119,0.00000],[179.00477,-172.60787,0.00000],[180.16056,-173.61571,0.00000],[181.64637,-174.07854,0.00000],[182.21845,-170.59087,0.00000],[181.90526,-170.49331,0.00000],[181.53343,-170.16908,0.00000],[180.93284,-169.42783,0.00000],[180.14150,-168.45115,0.00000],[178.98571,-167.44331,0.00000],[177.49991,-166.98048,0.00000]
g
"10059",[197.53114,-174.44701,0.00000],[199.03681,-174.05358,0.00000],[200.23809,-173.10041,0.00000],[201.07386,-172.16147,0.00000],[201.70818,-171.44887,0.00000],[202.09464,-171.14222,0.00000],[202.41202,-171.05929,0.00000],[202.00227,-167.54885,0.00000],[200.49660,-167.94228,0.00000],[199.29532,-168.89545,0.00000],[198.45955,-169.83439,0.00000],[197.82523,-170.54699,0.00000],[197.43877,-170.85364,0.00000],[197.12139,-170.93657,0.00000]
g
"10060",[90.66609,-279.00869,0.00000],[90.35459,-278.90587,0.00000],[89.98827,-278.57542,0.00000],[89.40024,-277.82416,0.00000],[88.62545,-276.83430,0.00000],[87.48680,-275.80715,0.00000],[86.00900,-275.31937,0.00000],[85.37828,-278.79691,0.00000],[85.68978,-278.89973,0.00000],[86.05610,-279.23018,0.00000],[86.64413,-279.98144,0.00000],[87.41891,-280.97130,0.00000],[88.55757,-281.99846,0.00000],[90.03537,-282.48623,0.00000]
g
"10061",[70.13267,-274.68354,0.00000],[68.62059,-275.05157,0.00000],[67.40344,-275.98438,0.00000],[66.55198,-276.90911,0.00000],[65.90576,-277.61094,0.00000],[65.51419,-277.91103,0.00000],[65.19546,-277.98861,0.00000],[65.54606,-281.50546,0.00000],[67.05813,-281.13742,0.00000],[68.27528,-280.20462,0.00000],[69.12675,-279.27988,0.00000],[69.77297,-278.57806,0.00000],[70.16454,-278.27796,0.00000],[70.48327,-278.20038,0.00000]
g
"10065",[73.32753,-285.31821,0.00000],[73.63926,-285.42171,0.00000],[74.00677,-285.75323,0.00000],[74.59479,-286.50448,0.00000],[75.36958,-287.49435,0.00000],[76.50823,-288.52150,0.00000],[77.98604,-289.00928,0.00000],[78.61676,-285.53173,0.00000],[78.30525,-285.42892,0.00000],[77.93893,-285.09847,0.00000],[77.35091,-284.34721,0.00000],[76.57612,-283.35735,0.00000],[75.43865,-282.33126,0.00000],[73.96120,-281.84074,0.00000]
g
"10066",[95.86076,-289.72515,0.00000],[97.37284,-289.35711,0.00000],[98.58999,-288.42430,0.00000],[99.44145,-287.49957,0.00000],[100.08767,-286.79775,0.00000],[100.48248,-286.49517,0.00000],[100.80221,-286.41584,0.00000],[100.44349,-282.89872,0.00000],[98.93206,-283.27373,0.00000],[97.71815,-284.20407,0.00000],[96.86668,-285.12880,0.00000],[96.22046,-285.83062,0.00000],[95.82889,-286.13072,0.00000],[95.51016,-286.20830,0.00000]
g
"10072",[124.86817,-287.37996,0.00000],[125.18048,-287.48448,0.00000],[125.54961,-287.81747,0.00000],[126.13763,-288.56873,0.00000],[126.91242,-289.55859,0.00000],[128.05108,-290.58574,0.00000],[129.52888,-291.07352,0.00000],[130.15960,-287.59597,0.00000],[129.84809,-287.49316,0.00000],[129.48177,-287.16271,0.00000],[128.89375,-286.41145,0.00000],[128.11896,-285.42159,0.00000],[126.98312,-284.39697,0.00000],[125.50644,-283.90276,0.00000]
g
"10073",[145.40521,-291.70935,0.00000],[146.91728,-291.34132,0.00000],[148.13443,-290.40851,0.00000],[148.98590,-289.48378,0.00000],[149.63212,-288.78195,0.00000],[150.02497,-288.48087,0.00000],[150.34399,-288.40263,0.00000],[149.99039,-284.88561,0.00000],[148.47846,-285.25645,0.00000],[147.26259,-286.18827,0.00000],[146.41113,-287.11301,0.00000],[145.76491,-287.81483,0.00000],[145.37333,-288.11493,0.00000],[145.05461,-288.19251,0.00000]
g
"10074",[144.75696,-281.17497,0.00000],[144.44546,-281.07216,0.00000],[144.07914,-280.74171,0.00000],[143.49111,-279.99045,0.00000],[142.71633,-279.00059,0.00000],[141.57767,-277.97343,0.00000],[140.09987,-277.48566,0.00000],[139.46915,-280.96320,0.00000],[139.78065,-281.06602,0.00000],[140.14698,-281.39647,0.00000],[140.73500,-282.14772,0.00000],[141.50979,-283.13759,0.00000],[142.64844,-284.16474,0.00000],[144.12625,-284.65252,0.00000]
g
"10075",[124.22354,-276.84982,0.00000],[122.71146,-277.21786,0.00000],[121.49432,-278.15067,0.00000],[120.64285,-279.07540,0.00000],[119.99663,-279.77722,0.00000],[119.60506,-280.07732,0.00000],[119.28633,-280.15490,0.00000],[119.63693,-283.67175,0.00000],[121.14901,-283.30371,0.00000],[122.36616,-282.37090,0.00000],[123.21762,-281.44617,0.00000],[123.86384,-280.74435,0.00000],[124.25541,-280.44425,0.00000],[124.57414,-280.36667,0.00000]
EndLinks
PedestrianAreas
"1:Platform edge bahnhof 1",[86.83741,-275.35255,0.00000],[86.91744,-273.35415,0.00000],[69.84941,-272.67059,0.00000],[69.76938,-274.66899,0.00000]
g
"4:Bahnhof bus waiting area 1",[67.75482,-273.68653,0.00000],[82.80527,-273.88649,0.00000],[82.93180,-270.30452,0.00000],[68.04876,-270.23063,0.00000]
g
"10:Rießnerstraße",[3.01216,-15.33961,0.00000],[13.54880,-15.33961,0.00000],[13.54880,-8.55753,0.00000],[3.01216,-8.55753,0.00000]
g
"15:Platform edge bahnhof 2",[79.43941,-288.81729,0.00000],[79.33937,-291.31528,0.00000],[94.32735,-291.91554,0.00000],[94.42740,-289.41754,0.00000]
g
"17:Bahnhof bus waiting area 2 ",[68.01724,-293.39600,0.00000],[83.01724,-293.39600,0.00000],[83.01724,-290.89600,0.00000],[68.01724,-290.89600,0.00000]
g
"18:Platform edge bahnhof 3",[129.98305,-290.84151,0.00000],[129.88301,-293.33951,0.00000],[144.87100,-293.93976,0.00000],[144.97104,-291.44176,0.00000]
g
"19:Bahnhof bus waiting area 3",[119.13357,-295.37295,0.00000],[134.13357,-295.37295,0.00000],[134.13357,-292.87295,0.00000],[119.13357,-292.87295,0.00000]
g
"20",[78.03071,-296.85316,0.00000],[131.80475,-296.85316,0.00000],[131.80475,-290.54355,0.00000],[119.71779,-290.22699,0.00000],[104.16857,-290.38802,0.00000],[84.06082,-289.88034,0.00000],[78.03071,-290.74983,0.00000]
g
"21",[47.68258,-327.15708,0.00000],[78.50256,-327.15708,0.00000],[78.32277,-289.30147,0.00000],[55.38199,-284.72125,0.00000],[52.55305,-285.04164,0.00000],[49.02967,-287.13771,0.00000],[48.17700,-290.37651,0.00000]
g
"22",[69.39032,-326.98853,0.00000],[102.52819,-326.98853,0.00000],[102.52819,-293.64366,0.00000],[69.39032,-293.64366,0.00000]
g
"23",[127.50462,-303.35094,0.00000],[148.74752,-303.35094,0.00000],[148.74752,-290.77041,0.00000],[127.50462,-290.77041,0.00000]
g
"24",[117.49764,-309.07215,0.00000],[130.57705,-309.07215,0.00000],[130.57705,-296.70568,0.00000],[117.49764,-296.70568,0.00000]
g
"25:Carl August Allee",[101.17735,-344.34265,0.00000],[114.25246,-344.34265,0.00000],[114.25246,-331.86005,0.00000],[101.17735,-331.86005,0.00000]
g
"26",[97.21958,-332.82640,0.00000],[121.41678,-332.82640,0.00000],[121.41678,-296.53713,0.00000],[97.21958,-296.53713,0.00000]
g
"28:Platform edge bahnhof 4",[139.64569,-277.71767,0.00000],[139.74574,-275.21967,0.00000],[124.75775,-274.61942,0.00000],[124.65771,-277.11741,0.00000]
g
"29:82: Pedestrian area gray",[113.85114,-275.70465,0.00000],[128.85114,-275.70465,0.00000],[128.85114,-273.20465,0.00000],[113.85114,-273.20465,0.00000]
g
"31",[82.54028,-274.61956,0.00000],[111.84406,-274.61956,0.00000],[111.84406,-270.47833,0.00000],[82.54028,-270.47833,0.00000]
g
"32",[109.93379,-276.46238,0.00000],[124.04799,-276.46238,0.00000],[124.04799,-271.29792,0.00000],[109.93379,-271.29792,0.00000]
g
"33:Bahnhof direct entry to tracks",[147.69542,-260.22516,0.00000],[155.65425,-260.22516,0.00000],[155.65425,-232.50575,0.00000],[147.69542,-232.50575,0.00000]
g
"35",[126.13932,-276.96522,0.00000],[155.16792,-276.96522,0.00000],[155.16792,-272.45762,0.00000],[126.13932,-272.45762,0.00000]
g
"36",[148.51942,-277.04778,0.00000],[155.49445,-277.04778,0.00000],[155.49445,-259.94042,0.00000],[148.51942,-259.94042,0.00000]
g
"37",[147.37809,-317.76068,0.00000],[170.96021,-317.76068,0.00000],[170.96021,-290.51947,0.00000],[147.37809,-290.51947,0.00000]
g
"38",[118.56555,-332.43832,0.00000],[170.81975,-332.43832,0.00000],[170.81975,-302.77349,0.00000],[118.56555,-302.77349,0.00000]
g
"41",[113.16753,-119.34818,0.00000],[133.56501,-119.34818,0.00000],[133.56501,-14.53600,0.00000],[113.16753,-14.53600,0.00000]
g
"47",[44.97618,-169.86369,0.00000],[103.65966,-172.24060,0.00000],[105.89915,-130.73934,0.00000],[95.12605,-131.02321,0.00000],[46.87724,-129.05340,0.00000],[45.36908,-153.81068,0.00000]
g
"58",[42.68515,-267.97219,0.00000],[58.39418,-268.01645,0.00000],[56.43192,-170.49025,0.00000],[43.82743,-170.17115,0.00000],[43.16042,-253.71426,0.00000]
g
"68:Platform edge PT stop 9 (right)",[158.20196,-149.58428,0.00000],[158.13530,-152.08340,0.00000],[173.12997,-152.48334,0.00000],[173.19663,-149.98423,0.00000]
g
"69:Platform edge PT stop 10 (right)",[182.42278,-150.23032,0.00000],[182.35613,-152.72943,0.00000],[197.35079,-153.12937,0.00000],[197.41745,-150.63026,0.00000]
g
"70:Platform edge PT stop 12 (right)",[148.23553,-159.51126,0.00000],[148.30607,-157.01225,0.00000],[133.31205,-156.58899,0.00000],[133.24150,-159.08799,0.00000]
g
"71:Platform edge PT stop 13 (right)",[173.57518,-160.22657,0.00000],[173.64573,-157.72756,0.00000],[158.65170,-157.30430,0.00000],[158.58115,-159.80330,0.00000]
g
"72:Platform edge PT stop 14 (right)",[197.03093,-160.77707,0.00000],[197.09754,-158.27796,0.00000],[182.10286,-157.87835,0.00000],[182.03626,-160.37746,0.00000]
g
"73:Platform edge PT stop 15 (right)",[132.60699,-172.71012,0.00000],[132.54381,-175.20933,0.00000],[147.53902,-175.58839,0.00000],[147.60220,-173.08919,0.00000]
g
"74:Platform edge PT stop 16 (right)",[158.50271,-173.36474,0.00000],[158.43953,-175.86395,0.00000],[173.43474,-176.24301,0.00000],[173.49792,-173.74381,0.00000]
g
"75:Platform edge PT stop 17 (right)",[182.09657,-173.83892,0.00000],[182.03859,-176.33825,0.00000],[197.03456,-176.68610,0.00000],[197.09254,-174.18677,0.00000]
g
"76",[9.10768,-116.06989,0.00000],[14.50309,-119.18339,0.00000],[16.19868,-12.13438,0.00000],[12.09558,-12.13438,0.00000],[10.45841,-69.43554,0.00000]
g
"77",[12.91620,-119.33987,0.00000],[98.88631,-121.46222,0.00000],[221.02771,-126.60775,0.00000],[219.36816,-121.73155,0.00000],[113.98599,-119.05058,0.00000],[55.46614,-117.45743,0.00000],[12.91620,-116.12561,0.00000]
g
"78",[7.05484,-174.87148,0.00000],[129.44555,-178.77511,0.00000],[129.56554,-175.17545,0.00000],[129.67895,-171.77311,0.00000],[90.34977,-169.98448,0.00000],[23.84474,-167.09687,0.00000],[7.92752,-166.66831,0.00000]
g
"79",[132.57913,-177.63620,0.00000],[147.57913,-177.63620,0.00000],[147.57913,-175.13620,0.00000],[132.57913,-175.13620,0.00000]
g
"80",[158.55001,-178.19469,0.00000],[173.55001,-178.19469,0.00000],[173.55001,-175.69469,0.00000],[158.55001,-175.69469,0.00000]
g
"81",[182.28686,-178.47394,0.00000],[197.28686,-178.47394,0.00000],[197.28686,-175.97394,0.00000],[182.28686,-175.97394,0.00000]
g
"82",[115.98607,-181.97495,0.00000],[216.02684,-185.71677,0.00000],[217.88503,-181.79557,0.00000],[155.85595,-179.26005,0.00000],[115.98607,-178.25919,0.00000]
g
"83",[132.71988,-179.80993,0.00000],[147.71988,-179.80993,0.00000],[147.71988,-177.30993,0.00000],[132.71988,-177.30993,0.00000]
g
"84",[158.52776,-180.23891,0.00000],[173.52776,-180.23891,0.00000],[173.52776,-177.73891,0.00000],[158.52776,-177.73891,0.00000]
g
"85",[182.40536,-181.34718,0.00000],[197.40536,-181.34718,0.00000],[197.40536,-178.09636,0.00000],[182.40536,-178.09636,0.00000]
g
"86",[128.11528,-155.48379,0.00000],[200.11573,-157.77964,0.00000],[198.53847,-154.74644,0.00000],[161.02614,-153.53868,0.00000],[130.42150,-152.08515,0.00000]
g
"87",[119.89071,-154.06324,0.00000],[130.25245,-154.06324,0.00000],[130.25245,-145.93127,0.00000],[119.89071,-145.93127,0.00000]
g
"88",[133.11589,-157.08391,0.00000],[148.11589,-157.08391,0.00000],[148.11589,-154.58391,0.00000],[133.11589,-154.58391,0.00000]
g
"89",[158.49478,-157.97753,0.00000],[173.49478,-157.97753,0.00000],[173.49478,-155.47753,0.00000],[158.49478,-155.47753,0.00000]
g
"90",[182.17578,-158.78180,0.00000],[197.17578,-158.78180,0.00000],[197.17578,-156.28180,0.00000],[182.17578,-156.28180,0.00000]
g
"91",[133.29461,-153.33070,0.00000],[148.29461,-153.33070,0.00000],[148.29461,-150.83070,0.00000],[133.29461,-150.83070,0.00000]
g
"92",[158.40541,-154.40304,0.00000],[173.40541,-154.40304,0.00000],[173.40541,-151.90304,0.00000],[158.40541,-151.90304,0.00000]
g
"93",[181.90770,-155.02858,0.00000],[196.90770,-155.02858,0.00000],[196.90770,-152.52858,0.00000],[181.90770,-152.52858,0.00000]
g
"94",[89.89730,-272.42730,0.00000],[98.97316,-272.42730,0.00000],[98.97316,-171.00608,0.00000],[89.89730,-171.00608,0.00000]
g
"96:Platform edge PT stop 18 (right)",[119.98927,-213.49463,0.00000],[119.74059,-218.70005,0.00000],[154.70072,-220.37022,0.00000],[154.94940,-215.16481,0.00000]
g
"97",[118.07705,-233.02021,0.00000],[155.82989,-234.24548,0.00000],[155.05812,-219.52792,0.00000],[118.05511,-218.15517,0.00000]
g
"98",[95.64887,-224.18138,0.00000],[119.06881,-224.18138,0.00000],[119.06881,-217.58630,0.00000],[95.64887,-217.58630,0.00000]
g
"100:Platform edge PT stop 11 (right)",[133.60881,-148.92832,0.00000],[133.54215,-151.42743,0.00000],[148.53681,-151.82738,0.00000],[148.60347,-149.32827,0.00000]
g
"101",[12.98375,-132.42826,0.00000],[70.70347,-133.75552,0.00000],[69.10338,-129.97030,0.00000],[34.61075,-127.83560,0.00000],[12.98375,-127.83560,0.00000]
g
"102",[12.65161,-19.14788,0.00000],[114.66760,-22.72237,0.00000],[116.09740,-15.85935,0.00000],[113.88121,-14.78700,0.00000],[11.50778,-12.21337,0.00000]
g
"107:To tunnel",[42.81856,-271.64020,0.00000],[65.72190,-273.94129,0.00000],[64.63670,-251.45590,0.00000],[43.67747,-250.92002,0.00000]
g
"138",[148.15693,-276.05630,0.00000],[155.13196,-276.05630,0.00000],[155.13196,-258.94894,0.00000],[148.15693,-258.94894,0.00000]
g
"139:Rießnerstraße",[115.40723,-18.50498,0.00000],[132.78949,-18.50498,0.00000],[132.78949,-11.72289,0.00000],[115.40723,-11.72289,0.00000]
g
"1",[111.20162,-290.35343,0.00000],[111.15883,-273.35795,0.00000],[107.65885,-273.36676,0.00000],[107.70163,-290.36224,0.00000]
g
"7",[153.57387,-292.88023,0.00000],[153.61368,-276.69941,0.00000],[150.11369,-276.69080,0.00000],[150.07388,-292.87162,0.00000]
g
"9",[69.78934,-289.22585,0.00000],[67.83018,-272.56669,0.00000],[64.35414,-272.97548,0.00000],[66.31330,-289.63464,0.00000]
g
"12",[97.35432,-153.00618,0.00000],[121.57070,-153.18161,0.00000],[121.62141,-146.18179,0.00000],[97.40503,-146.00636,0.00000]
g
"13",[80.82002,-135.94034,0.00000],[80.98847,-118.37157,0.00000],[73.98879,-118.30446,0.00000],[73.82034,-135.87322,0.00000]
g
"48",[160.56695,-120.11904,0.00000],[160.56955,-139.89045,0.00000],[167.56955,-139.88953,0.00000],[167.56695,-120.11812,0.00000]
g
"55",[160.71687,-139.27977,0.00000],[160.94287,-150.86894,0.00000],[167.94154,-150.73246,0.00000],[167.71554,-139.14329,0.00000]
g
"57",[161.83326,-158.74669,0.00100],[161.78000,-173.26806,0.00100],[168.77996,-173.29373,0.00100],[168.83321,-158.77236,0.00100]
g
"119",[38.68863,-133.78716,0.00000],[38.85708,-116.21840,0.00000],[31.85740,-116.15129,0.00000],[31.68895,-133.72005,0.00000]
g
EndPedestrianAreas
